# This file uses centimeters as units for non-parametric coordinates.

mtllib Terrain.mtl
g default
v -0.500000 0.000512 0.500000
v -0.460000 0.005457 0.500000
v -0.400000 0.016738 0.500000
v -0.360000 0.022572 0.500000
v -0.340000 0.024184 0.500000
v -0.320000 0.024736 0.500000
v -0.300000 0.024184 0.500000
v -0.280000 0.022572 0.500000
v -0.240000 0.016738 0.500000
v -0.180000 0.005457 0.500000
v -0.140000 0.000512 0.500000
v -0.060000 -0.003447 0.500000
v 0.000000 -0.013569 0.500000
v 0.140000 -0.048711 0.500000
v 0.180000 -0.057689 0.500000
v 0.220000 -0.064695 0.500000
v 0.260000 -0.069144 0.500000
v 0.300000 -0.070670 0.500000
v 0.340000 -0.069144 0.500000
v 0.380000 -0.064695 0.500000
v 0.420000 -0.057689 0.500000
v 0.500000 -0.038519 0.500000
v -0.500000 0.004755 0.480000
v -0.340000 0.066706 0.460000
v -0.260000 0.037281 0.480000
v -0.080000 -0.002777 0.440000
v -0.500000 0.012988 0.460000
v -0.400000 0.052871 0.460000
v -0.220000 0.045464 0.460000
v -0.180000 0.028795 0.460000
v -0.120000 0.014549 0.440000
v 0.000000 -0.033769 0.380000
v 0.100000 -0.051180 0.460000
v 0.160000 -0.091852 0.400000
v 0.240000 -0.102823 0.420000
v 0.360000 -0.093406 0.440000
v 0.400000 -0.100946 0.400000
v -0.500000 0.024736 0.440000
v -0.440000 0.057272 0.440000
v -0.400000 0.104175 0.420000
v 0.040000 -0.041383 0.420000
v -0.500000 0.039420 0.420000
v -0.360000 0.120377 0.420000
v -0.300000 0.124655 0.420000
v -0.120000 0.039037 0.400000
v -0.080000 0.001008 0.420000
v 0.500000 -0.068766 0.400000
v -0.500000 0.056375 0.400000
v -0.440000 0.105471 0.400000
v -0.240000 0.104175 0.420000
v -0.160000 0.116475 0.360000
v -0.080000 0.015329 0.380000
v -0.040000 -0.015486 0.380000
v 0.300000 -0.114757 0.400000
v -0.500000 0.074877 0.380000
v -0.220000 0.149059 0.380000
v 0.120000 -0.081882 0.380000
v 0.500000 -0.078208 0.360000
v -0.500000 0.113451 0.340000
v -0.440000 0.210371 0.320000
v -0.320000 0.259757 0.340000
v -0.280000 0.250682 0.340000
v -0.120000 0.054207 0.380000
v 0.000000 -0.037790 0.340000
v 0.140000 -0.101588 0.360000
v 0.220000 -0.157334 0.340000
v 0.240000 -0.159987 0.340000
v -0.400000 0.252931 0.320000
v -0.240000 0.252953 0.320000
v -0.140000 0.149828 0.300000
v -0.080000 0.035415 0.340000
v 0.340000 -0.125649 0.360000
v 0.440000 -0.100946 0.360000
v -0.500000 0.131991 0.320000
v -0.360000 0.308341 0.300000
v -0.320000 0.318720 0.300000
v -0.280000 0.308341 0.300000
v -0.100000 0.087744 0.300000
v 0.000000 -0.036883 0.300000
v 0.080000 -0.075055 0.320000
v 0.160000 -0.145411 0.280000
v 0.220000 -0.177329 0.300000
v 0.240000 -0.179631 0.300000
v 0.360000 -0.131634 0.320000
v 0.500000 -0.084940 0.320000
v -0.500000 0.149059 0.300000
v -0.440000 0.252931 0.280000
v -0.400000 0.300705 0.280000
v -0.240000 0.300757 0.280000
v -0.200000 0.253324 0.280000
v -0.040000 0.013055 0.260000
v -0.020000 -0.016007 0.280000
v 0.020000 -0.049395 0.280000
v 0.280000 -0.174274 0.280000
v 0.420000 -0.119877 0.280000
v -0.500000 0.164002 0.280000
v -0.360000 0.351232 0.260000
v -0.340000 0.359688 0.260000
v -0.300000 0.359688 0.260000
v -0.280000 0.351232 0.260000
v 0.100000 -0.089060 0.240000
v 0.180000 -0.159819 0.260000
v 0.220000 -0.179068 0.260000
v 0.240000 -0.181388 0.260000
v 0.360000 -0.137187 0.280000
v 0.500000 -0.088442 0.280000
v -0.500000 0.176252 0.260000
v -0.440000 0.280948 0.240000
v -0.400000 0.332014 0.240000
v -0.240000 0.332108 0.240000
v -0.200000 0.281524 0.240000
v -0.140000 0.177856 0.260000
v 0.460000 -0.103872 0.220000
v -0.500000 0.185346 0.240000
v -0.300000 0.382897 0.220000
v 0.500000 -0.088442 0.240000
v -0.500000 0.190943 0.220000
v -0.420000 0.318720 0.200000
v -0.380000 0.362537 0.200000
v -0.340000 0.385866 0.200000
v -0.260000 0.362586 0.200000
v -0.140000 0.193146 0.220000
v -0.060000 0.054736 0.200000
v -0.020000 -0.003807 0.200000
v 0.040000 -0.048042 0.160000
v 0.120000 -0.088529 0.180000
v 0.280000 -0.159358 0.180000
v 0.340000 -0.135635 0.200000
v 0.420000 -0.118261 0.220000
v -0.500000 0.192832 0.200000
v -0.300000 0.385866 0.200000
v -0.220000 0.319181 0.200000
v 0.020000 -0.043032 0.200000
v 0.200000 -0.153146 0.180000
v 0.220000 -0.162059 0.180000
v 0.240000 -0.165759 0.180000
v 0.500000 -0.084940 0.200000
v -0.500000 0.190943 0.180000
v -0.440000 0.280948 0.160000
v -0.340000 0.382897 0.180000
v -0.300000 0.374081 0.160000
v -0.260000 0.359793 0.180000
v -0.120000 0.155534 0.160000
v 0.360000 -0.124450 0.160000
v 0.500000 -0.078208 0.160000
v -0.500000 0.185346 0.160000
v -0.400000 0.318720 0.140000
v -0.360000 0.365400 0.160000
v -0.320000 0.362537 0.140000
v -0.220000 0.309183 0.160000
v -0.040000 0.022737 0.120000
v 0.140000 -0.087543 0.100000
v 0.420000 -0.101760 0.140000
v -0.500000 0.176252 0.140000
v -0.440000 0.269042 0.140000
v -0.260000 0.319319 0.120000
v -0.160000 0.200168 0.120000
v -0.100000 0.111455 0.120000
v 0.020000 -0.027358 0.100000
v 0.260000 -0.158930 0.040000
v 0.300000 -0.149467 0.120000
v -0.500000 0.164002 0.120000
v -0.360000 0.332014 0.120000
v -0.320000 0.318899 0.100000
v -0.280000 0.308911 0.100000
v -0.200000 0.238898 0.100000
v -0.020000 0.004786 0.100000
v 0.380000 -0.099797 0.100000
v -0.500000 0.149059 0.100000
v -0.400000 0.278540 0.100000
v -0.240000 0.256621 0.080000
v -0.140000 0.163126 0.080000
v 0.180000 -0.129201 0.120000
v 0.360000 -0.094060 0.060000
v 0.500000 -0.057352 0.080000
v -0.500000 0.131991 0.080000
v -0.360000 0.281064 0.080000
v -0.120000 0.140209 0.080000
v 0.000000 -0.003235 0.080000
v 0.060000 -0.029301 0.060000
v 0.100000 -0.058570 0.100000
v 0.220000 -0.151098 0.060000
v 0.240000 -0.157055 0.040000
v -0.500000 0.123339 0.060000
v -0.460000 0.163761 0.060000
v -0.260000 0.218193 0.040000
v -0.200000 0.211100 0.060000
v -0.140000 0.158455 0.040000
v -0.080000 0.111658 0.040000
v 0.120000 -0.043052 0.040000
v 0.140000 -0.069137 0.060000
v 0.200000 -0.129511 0.040000
v 0.300000 -0.138265 0.020000
v 0.400000 -0.069433 0.040000
v -0.500000 0.128827 0.040000
v -0.420000 0.182058 0.040000
v -0.360000 0.189727 0.020000
v -0.320000 0.260373 0.060000
v -0.200000 0.183567 0.020000
v -0.160000 0.172684 0.040000
v -0.100000 0.137731 0.020000
v 0.040000 0.014898 0.020000
v 0.080000 -0.016440 0.020000
v 0.220000 -0.138226 0.020000
v -0.500000 0.145451 0.020000
v -0.480000 0.163871 0.020000
v -0.420000 0.183296 0.020000
v -0.380000 0.186991 0.020000
v -0.300000 0.193254 0.020000
v -0.240000 0.172136 0.000000
v -0.120000 0.156394 0.000000
v -0.060000 0.112161 0.020000
v 0.240000 -0.136474 0.000000
v 0.260000 -0.142474 0.000000
v 0.300000 -0.131147 0.000000
v 0.500000 -0.025384 -0.020000
v -0.500000 0.168380 0.000000
v -0.480000 0.190811 0.000000
v -0.440000 0.209727 0.000000
v -0.380000 0.196532 0.000000
v -0.360000 0.189230 0.000000
v -0.300000 0.168962 0.000000
v -0.200000 0.159301 -0.020000
v -0.160000 0.163423 0.000000
v -0.040000 0.145575 -0.020000
v 0.040000 0.052130 -0.020000
v 0.080000 0.033528 -0.040000
v 0.160000 -0.047587 0.000000
v 0.380000 -0.058471 -0.020000
v 0.420000 -0.029992 -0.040000
v -0.500000 0.192595 -0.020000
v -0.420000 0.316465 -0.060000
v -0.340000 0.197984 -0.020000
v -0.320000 0.181939 -0.020000
v -0.300000 0.166921 -0.020000
v -0.260000 0.151403 -0.020000
v -0.120000 0.169930 -0.020000
v -0.080000 0.189591 -0.040000
v 0.100000 0.036869 -0.060000
v 0.140000 0.007296 -0.040000
v 0.240000 -0.114260 -0.020000
v 0.320000 -0.091176 -0.040000
v -0.500000 0.214262 -0.040000
v -0.460000 0.292998 -0.060000
v -0.440000 0.310072 -0.060000
v -0.400000 0.312478 -0.060000
v -0.280000 0.157992 -0.040000
v -0.240000 0.139662 -0.040000
v -0.220000 0.134539 -0.060000
v -0.180000 0.159975 -0.040000
v -0.160000 0.169670 -0.040000
v -0.080000 0.206014 -0.060000
v -0.040000 0.180511 -0.060000
v -0.020000 0.159829 -0.060000
v 0.180000 0.030010 -0.080000
v 0.220000 0.000837 -0.080000
v 0.280000 -0.073141 -0.060000
v 0.380000 -0.032710 -0.060000
v 0.500000 -0.016876 -0.040000
v -0.500000 0.231237 -0.060000
v -0.380000 0.299349 -0.060000
v -0.300000 0.178261 -0.040000
v -0.260000 0.146631 -0.080000
v -0.180000 0.162176 -0.060000
v -0.100000 0.219478 -0.080000
v 0.040000 0.089497 -0.080000
v 0.160000 0.051401 -0.100000
v -0.500000 0.243690 -0.080000
v -0.460000 0.306871 -0.080000
v -0.440000 0.325807 -0.080000
v -0.420000 0.334247 -0.080000
v -0.380000 0.319271 -0.080000
v -0.360000 0.297853 -0.080000
v -0.280000 0.172429 -0.080000
v -0.240000 0.130857 -0.080000
v -0.140000 0.204887 -0.080000
v -0.060000 0.209346 -0.100000
v 0.100000 0.048024 -0.080000
v 0.320000 -0.012077 -0.100000
v 0.360000 -0.025582 -0.080000
v 0.400000 -0.008122 -0.080000
v 0.500000 0.004266 -0.080000
v -0.500000 0.251748 -0.100000
v -0.460000 0.312692 -0.100000
v -0.420000 0.339771 -0.100000
v -0.400000 0.338216 -0.100000
v -0.220000 0.122544 -0.160000
v -0.200000 0.137775 -0.140000
v -0.160000 0.191009 -0.100000
v -0.120000 0.218984 -0.100000
v -0.100000 0.222873 -0.100000
v -0.080000 0.219586 -0.100000
v -0.020000 0.171158 -0.100000
v 0.040000 0.092452 -0.120000
v 0.060000 0.076322 -0.120000
v 0.220000 0.049719 -0.120000
v 0.280000 0.023552 -0.120000
v 0.340000 0.014566 -0.120000
v 0.480000 0.043381 -0.140000
v -0.500000 0.255492 -0.120000
v -0.440000 0.322706 -0.160000
v -0.380000 0.329129 -0.140000
v -0.360000 0.308094 -0.140000
v -0.260000 0.144441 -0.160000
v -0.240000 0.126735 -0.160000
v -0.120000 0.215231 -0.120000
v -0.060000 0.205689 -0.120000
v 0.120000 0.054632 -0.120000
v 0.340000 0.032557 -0.140000
v 0.420000 0.070494 -0.180000
v -0.500000 0.251237 -0.140000
v -0.460000 0.300948 -0.160000
v -0.420000 0.333890 -0.160000
v -0.400000 0.333123 -0.160000
v -0.180000 0.150171 -0.160000
v -0.100000 0.208325 -0.140000
v 0.000000 0.125235 -0.160000
v 0.160000 0.061933 -0.160000
v 0.200000 0.063626 -0.140000
v 0.240000 0.056461 -0.140000
v -0.500000 0.238447 -0.160000
v -0.360000 0.299492 -0.160000
v -0.280000 0.171690 -0.160000
v -0.160000 0.150252 -0.180000
v -0.120000 0.187744 -0.160000
v -0.040000 0.151844 -0.180000
v 0.100000 0.048807 -0.180000
v 0.300000 0.058580 -0.180000
v -0.500000 0.220250 -0.180000
v -0.460000 0.263913 -0.200000
v -0.420000 0.316205 -0.180000
v -0.400000 0.312341 -0.180000
v -0.340000 0.249965 -0.180000
v -0.300000 0.192624 -0.180000
v -0.080000 0.130896 -0.220000
v 0.000000 0.109448 -0.200000
v 0.080000 0.053812 -0.180000
v 0.260000 0.066734 -0.200000
v -0.500000 0.198717 -0.200000
v -0.440000 0.282000 -0.200000
v -0.360000 0.209690 -0.220000
v -0.300000 0.177727 -0.200000
v -0.280000 0.152431 -0.220000
v -0.240000 0.119092 -0.220000
v -0.220000 0.114308 -0.200000
v -0.040000 0.124569 -0.220000
v 0.000000 0.099674 -0.240000
v 0.160000 0.056897 -0.200000
v 0.340000 0.058070 -0.180000
v 0.500000 0.085094 -0.200000
v -0.500000 0.173649 -0.220000
v -0.380000 0.196338 -0.240000
v -0.320000 0.181819 -0.220000
v -0.200000 0.112193 -0.220000
v -0.120000 0.103309 -0.240000
v -0.020000 0.107256 -0.240000
v 0.080000 0.056017 -0.220000
v 0.120000 0.060349 -0.240000
v 0.220000 0.064076 -0.240000
v 0.280000 0.071148 -0.220000
v -0.440000 0.180324 -0.260000
v -0.340000 0.183864 -0.240000
v -0.280000 0.160492 -0.240000
v -0.220000 0.121559 -0.260000
v -0.220000 0.113424 -0.240000
v -0.180000 0.102958 -0.240000
v -0.060000 0.103679 -0.260000
v 0.020000 0.098462 -0.260000
v 0.160000 0.058496 -0.240000
v 0.300000 0.082893 -0.240000
v 0.420000 0.172703 -0.320000
v -0.500000 0.118376 -0.260000
v -0.460000 0.169658 -0.260000
v -0.400000 0.181383 -0.260000
v -0.360000 0.185258 -0.260000
v -0.300000 0.206707 -0.280000
v -0.260000 0.179891 -0.280000
v -0.200000 0.107630 -0.280000
v -0.140000 0.075220 -0.280000
v -0.120000 0.076969 -0.280000
v 0.000000 0.102311 -0.260000
v 0.120000 0.084766 -0.280000
v 0.200000 0.068392 -0.280000
v 0.240000 0.076930 -0.280000
v 0.460000 0.147786 -0.280000
v 0.500000 0.144847 -0.280000
v -0.500000 0.091871 -0.280000
v -0.440000 0.134645 -0.300000
v -0.420000 0.150155 -0.300000
v -0.380000 0.181476 -0.280000
v -0.340000 0.217382 -0.300000
v -0.320000 0.221111 -0.300000
v -0.180000 0.087107 -0.300000
v -0.160000 0.073759 -0.300000
v -0.040000 0.105379 -0.280000
v 0.060000 0.127703 -0.300000
v 0.160000 0.072758 -0.280000
v 0.380000 0.163063 -0.320000
v -0.500000 0.068622 -0.300000
v -0.400000 0.168080 -0.300000
v -0.300000 0.221116 -0.320000
v -0.280000 0.210204 -0.320000
v -0.240000 0.170166 -0.320000
v -0.120000 0.071596 -0.300000
v -0.100000 0.080843 -0.320000
v -0.060000 0.102513 -0.300000
v 0.020000 0.153087 -0.320000
v 0.160000 0.099084 -0.320000
v -0.500000 0.050035 -0.320000
v -0.440000 0.121504 -0.320000
v -0.340000 0.221089 -0.320000
v -0.160000 0.075477 -0.340000
v -0.140000 0.072703 -0.340000
v -0.040000 0.142175 -0.340000
v 0.060000 0.157694 -0.340000
v 0.200000 0.100241 -0.340000
v -0.500000 0.037097 -0.340000
v -0.400000 0.157505 -0.360000
v -0.360000 0.206510 -0.340000
v -0.320000 0.221089 -0.340000
v -0.280000 0.206559 -0.340000
v -0.240000 0.166900 -0.340000
v -0.180000 0.088095 -0.340000
v 0.020000 0.166304 -0.340000
v 0.240000 0.113284 -0.360000
v 0.340000 0.169449 -0.360000
v 0.460000 0.200214 -0.360000
v 0.500000 0.196628 -0.360000
v -0.500000 0.030475 -0.360000
v -0.360000 0.196005 -0.360000
v -0.340000 0.206510 -0.360000
v -0.320000 0.210093 -0.360000
v -0.180000 0.075986 -0.380000
v -0.100000 0.092391 -0.380000
v -0.040000 0.149513 -0.360000
v 0.040000 0.171828 -0.360000
v 0.160000 0.124434 -0.380000
v 0.320000 0.167838 -0.380000
v -0.500000 0.025348 -0.380000
v -0.280000 0.157505 -0.400000
v -0.260000 0.163564 -0.380000
v -0.160000 0.068585 -0.380000
v 0.000000 0.174127 -0.380000
v 0.020000 0.177057 -0.380000
v 0.060000 0.168853 -0.380000
v 0.200000 0.115075 -0.380000
v 0.240000 0.125609 -0.400000
v 0.400000 0.210297 -0.400000
v 0.460000 0.218792 -0.400000
v 0.500000 0.214989 -0.400000
v -0.480000 0.026329 -0.420000
v -0.440000 0.063340 -0.420000
v -0.400000 0.124298 -0.400000
v -0.360000 0.157505 -0.400000
v -0.320000 0.169728 -0.400000
v -0.200000 0.064039 -0.420000
v -0.140000 0.062880 -0.400000
v -0.060000 0.131165 -0.400000
v -0.020000 0.162426 -0.400000
v 0.020000 0.173837 -0.400000
v 0.160000 0.125441 -0.420000
v 0.200000 0.120245 -0.420000
v 0.300000 0.168642 -0.420000
v -0.180000 0.011046 -0.480000
v -0.160000 0.012276 -0.480000
v 0.060000 0.159681 -0.420000
v 0.380000 0.217837 -0.460000
v 0.460000 0.230469 -0.440000
v 0.500000 0.226532 -0.440000
v -0.500000 0.006453 -0.440000
v -0.420000 0.043768 -0.460000
v -0.380000 0.068494 -0.460000
v -0.340000 0.033819 -0.500000
v -0.300000 0.056849 -0.480000
v -0.260000 0.068494 -0.460000
v -0.120000 0.044555 -0.460000
v -0.040000 0.128348 -0.440000
v 0.000000 0.148459 -0.440000
v 0.040000 0.134666 -0.460000
v 0.140000 0.116954 -0.460000
v 0.220000 0.122276 -0.460000
v -0.500000 0.002001 -0.460000
v 0.100000 0.110382 -0.480000
v 0.240000 0.131600 -0.440000
v 0.340000 0.199313 -0.460000
v 0.420000 0.229480 -0.460000
v 0.500000 0.230469 -0.480000
v -0.460000 0.002001 -0.500000
v -0.440000 0.006453 -0.500000
v -0.360000 0.030475 -0.500000
v -0.280000 0.030475 -0.500000
v -0.220000 0.026329 -0.480000
v -0.140000 0.013077 -0.500000
v -0.120000 0.023873 -0.500000
v -0.060000 0.062324 -0.500000
v -0.040000 0.073478 -0.500000
v -0.020000 0.082165 -0.500000
v 0.160000 0.095414 -0.500000
v 0.180000 0.099518 -0.500000
v 0.200000 0.106690 -0.500000
v 0.220000 0.117512 -0.500000
v 0.300000 0.175169 -0.500000
v -0.500000 0.000000 -0.500000
v -0.380000 0.025348 -0.500000
v -0.320000 0.034980 -0.500000
v -0.300000 0.033819 -0.500000
v -0.260000 0.025348 -0.500000
v -0.200000 0.006453 -0.500000
v -0.180000 0.002651 -0.500000
v -0.160000 0.005055 -0.500000
v 0.000000 0.088152 -0.500000
v 0.020000 0.092001 -0.500000
v 0.040000 0.094200 -0.500000
v 0.060000 0.094860 -0.500000
v 0.080000 0.094696 -0.500000
v 0.100000 0.093668 -0.500000
v 0.140000 0.093695 -0.500000
v 0.380000 0.217837 -0.500000
v 0.460000 0.233452 -0.500000
v 0.500000 0.229480 -0.500000
vt 0.000000 0.000000
vt 0.040000 0.000000
vt 0.100000 0.000000
vt 0.140000 0.000000
vt 0.160000 0.000000
vt 0.180000 0.000000
vt 0.200000 0.000000
vt 0.220000 0.000000
vt 0.260000 0.000000
vt 0.320000 0.000000
vt 0.360000 0.000000
vt 0.440000 0.000000
vt 0.500000 0.000000
vt 0.640000 0.000000
vt 0.680000 0.000000
vt 0.720000 0.000000
vt 0.760000 0.000000
vt 0.800000 0.000000
vt 0.840000 0.000000
vt 0.880000 0.000000
vt 0.920000 0.000000
vt 1.000000 0.000000
vt 0.000000 0.020000
vt 0.160000 0.040000
vt 0.240000 0.020000
vt 0.420000 0.060000
vt 0.000000 0.040000
vt 0.100000 0.040000
vt 0.280000 0.040000
vt 0.320000 0.040000
vt 0.380000 0.060000
vt 0.500000 0.120000
vt 0.600000 0.040000
vt 0.660000 0.100000
vt 0.740000 0.080000
vt 0.860000 0.060000
vt 0.900000 0.100000
vt 0.000000 0.060000
vt 0.060000 0.060000
vt 0.100000 0.080000
vt 0.540000 0.080000
vt 0.000000 0.080000
vt 0.140000 0.080000
vt 0.200000 0.080000
vt 0.380000 0.100000
vt 0.420000 0.080000
vt 1.000000 0.100000
vt 0.000000 0.100000
vt 0.060000 0.100000
vt 0.260000 0.080000
vt 0.340000 0.140000
vt 0.420000 0.120000
vt 0.460000 0.120000
vt 0.800000 0.100000
vt 0.000000 0.120000
vt 0.280000 0.120000
vt 0.620000 0.120000
vt 1.000000 0.140000
vt 0.000000 0.160000
vt 0.060000 0.180000
vt 0.180000 0.160000
vt 0.220000 0.160000
vt 0.380000 0.120000
vt 0.500000 0.160000
vt 0.640000 0.140000
vt 0.720000 0.160000
vt 0.740000 0.160000
vt 0.100000 0.180000
vt 0.260000 0.180000
vt 0.360000 0.200000
vt 0.420000 0.160000
vt 0.840000 0.140000
vt 0.940000 0.140000
vt 0.000000 0.180000
vt 0.140000 0.200000
vt 0.180000 0.200000
vt 0.220000 0.200000
vt 0.400000 0.200000
vt 0.500000 0.200000
vt 0.580000 0.180000
vt 0.660000 0.220000
vt 0.720000 0.200000
vt 0.740000 0.200000
vt 0.860000 0.180000
vt 1.000000 0.180000
vt 0.000000 0.200000
vt 0.060000 0.220000
vt 0.100000 0.220000
vt 0.260000 0.220000
vt 0.300000 0.220000
vt 0.460000 0.240000
vt 0.480000 0.220000
vt 0.520000 0.220000
vt 0.780000 0.220000
vt 0.920000 0.220000
vt 0.000000 0.220000
vt 0.140000 0.240000
vt 0.160000 0.240000
vt 0.200000 0.240000
vt 0.220000 0.240000
vt 0.600000 0.260000
vt 0.680000 0.240000
vt 0.720000 0.240000
vt 0.740000 0.240000
vt 0.860000 0.220000
vt 1.000000 0.220000
vt 0.000000 0.240000
vt 0.060000 0.260000
vt 0.100000 0.260000
vt 0.260000 0.260000
vt 0.300000 0.260000
vt 0.360000 0.240000
vt 0.960000 0.280000
vt 0.000000 0.260000
vt 0.200000 0.280000
vt 1.000000 0.260000
vt 0.000000 0.280000
vt 0.080000 0.300000
vt 0.120000 0.300000
vt 0.160000 0.300000
vt 0.240000 0.300000
vt 0.360000 0.280000
vt 0.440000 0.300000
vt 0.480000 0.300000
vt 0.540000 0.340000
vt 0.620000 0.320000
vt 0.780000 0.320000
vt 0.840000 0.300000
vt 0.920000 0.280000
vt 0.000000 0.300000
vt 0.200000 0.300000
vt 0.280000 0.300000
vt 0.520000 0.300000
vt 0.700000 0.320000
vt 0.720000 0.320000
vt 0.740000 0.320000
vt 1.000000 0.300000
vt 0.000000 0.320000
vt 0.060000 0.340000
vt 0.160000 0.320000
vt 0.200000 0.340000
vt 0.240000 0.320000
vt 0.380000 0.340000
vt 0.860000 0.340000
vt 1.000000 0.340000
vt 0.000000 0.340000
vt 0.100000 0.360000
vt 0.140000 0.340000
vt 0.180000 0.360000
vt 0.280000 0.340000
vt 0.460000 0.380000
vt 0.640000 0.400000
vt 0.920000 0.360000
vt 0.000000 0.360000
vt 0.060000 0.360000
vt 0.240000 0.380000
vt 0.340000 0.380000
vt 0.400000 0.380000
vt 0.520000 0.400000
vt 0.760000 0.460000
vt 0.800000 0.380000
vt 0.000000 0.380000
vt 0.140000 0.380000
vt 0.180000 0.400000
vt 0.220000 0.400000
vt 0.300000 0.400000
vt 0.480000 0.400000
vt 0.880000 0.400000
vt 0.000000 0.400000
vt 0.100000 0.400000
vt 0.260000 0.420000
vt 0.360000 0.420000
vt 0.680000 0.380000
vt 0.860000 0.440000
vt 1.000000 0.420000
vt 0.000000 0.420000
vt 0.140000 0.420000
vt 0.380000 0.420000
vt 0.500000 0.420000
vt 0.560000 0.440000
vt 0.600000 0.400000
vt 0.720000 0.440000
vt 0.740000 0.460000
vt 0.000000 0.440000
vt 0.040000 0.440000
vt 0.240000 0.460000
vt 0.300000 0.440000
vt 0.360000 0.460000
vt 0.420000 0.460000
vt 0.620000 0.460000
vt 0.640000 0.440000
vt 0.700000 0.460000
vt 0.800000 0.480000
vt 0.900000 0.460000
vt 0.000000 0.460000
vt 0.080000 0.460000
vt 0.140000 0.480000
vt 0.180000 0.440000
vt 0.300000 0.480000
vt 0.340000 0.460000
vt 0.400000 0.480000
vt 0.540000 0.480000
vt 0.580000 0.480000
vt 0.720000 0.480000
vt 0.000000 0.480000
vt 0.020000 0.480000
vt 0.080000 0.480000
vt 0.120000 0.480000
vt 0.200000 0.480000
vt 0.260000 0.500000
vt 0.380000 0.500000
vt 0.440000 0.480000
vt 0.740000 0.500000
vt 0.760000 0.500000
vt 0.800000 0.500000
vt 1.000000 0.520000
vt 0.000000 0.500000
vt 0.020000 0.500000
vt 0.060000 0.500000
vt 0.120000 0.500000
vt 0.140000 0.500000
vt 0.200000 0.500000
vt 0.300000 0.520000
vt 0.340000 0.500000
vt 0.460000 0.520000
vt 0.540000 0.520000
vt 0.580000 0.540000
vt 0.660000 0.500000
vt 0.880000 0.520000
vt 0.920000 0.540000
vt 0.000000 0.520000
vt 0.080000 0.560000
vt 0.160000 0.520000
vt 0.180000 0.520000
vt 0.200000 0.520000
vt 0.240000 0.520000
vt 0.380000 0.520000
vt 0.420000 0.540000
vt 0.600000 0.560000
vt 0.640000 0.540000
vt 0.740000 0.520000
vt 0.820000 0.540000
vt 0.000000 0.540000
vt 0.040000 0.560000
vt 0.060000 0.560000
vt 0.100000 0.560000
vt 0.220000 0.540000
vt 0.260000 0.540000
vt 0.280000 0.560000
vt 0.320000 0.540000
vt 0.340000 0.540000
vt 0.420000 0.560000
vt 0.460000 0.560000
vt 0.480000 0.560000
vt 0.680000 0.580000
vt 0.720000 0.580000
vt 0.780000 0.560000
vt 0.880000 0.560000
vt 1.000000 0.540000
vt 0.000000 0.560000
vt 0.120000 0.560000
vt 0.200000 0.540000
vt 0.240000 0.580000
vt 0.320000 0.560000
vt 0.400000 0.580000
vt 0.540000 0.580000
vt 0.660000 0.600000
vt 0.000000 0.580000
vt 0.040000 0.580000
vt 0.060000 0.580000
vt 0.080000 0.580000
vt 0.120000 0.580000
vt 0.140000 0.580000
vt 0.220000 0.580000
vt 0.260000 0.580000
vt 0.360000 0.580000
vt 0.440000 0.600000
vt 0.600000 0.580000
vt 0.820000 0.600000
vt 0.860000 0.580000
vt 0.900000 0.580000
vt 1.000000 0.580000
vt 0.000000 0.600000
vt 0.040000 0.600000
vt 0.080000 0.600000
vt 0.100000 0.600000
vt 0.280000 0.660000
vt 0.300000 0.640000
vt 0.340000 0.600000
vt 0.380000 0.600000
vt 0.400000 0.600000
vt 0.420000 0.600000
vt 0.480000 0.600000
vt 0.540000 0.620000
vt 0.560000 0.620000
vt 0.720000 0.620000
vt 0.780000 0.620000
vt 0.840000 0.620000
vt 0.980000 0.640000
vt 0.000000 0.620000
vt 0.060000 0.660000
vt 0.120000 0.640000
vt 0.140000 0.640000
vt 0.240000 0.660000
vt 0.260000 0.660000
vt 0.380000 0.620000
vt 0.440000 0.620000
vt 0.620000 0.620000
vt 0.840000 0.640000
vt 0.920000 0.680000
vt 0.000000 0.640000
vt 0.040000 0.660000
vt 0.080000 0.660000
vt 0.100000 0.660000
vt 0.320000 0.660000
vt 0.400000 0.640000
vt 0.500000 0.660000
vt 0.660000 0.660000
vt 0.700000 0.640000
vt 0.740000 0.640000
vt 0.000000 0.660000
vt 0.140000 0.660000
vt 0.220000 0.660000
vt 0.340000 0.680000
vt 0.380000 0.660000
vt 0.460000 0.680000
vt 0.600000 0.680000
vt 0.800000 0.680000
vt 0.000000 0.680000
vt 0.040000 0.700000
vt 0.080000 0.680000
vt 0.100000 0.680000
vt 0.160000 0.680000
vt 0.200000 0.680000
vt 0.420000 0.720000
vt 0.500000 0.700000
vt 0.580000 0.680000
vt 0.760000 0.700000
vt 0.000000 0.700000
vt 0.060000 0.700000
vt 0.140000 0.720000
vt 0.200000 0.700000
vt 0.220000 0.720000
vt 0.260000 0.720000
vt 0.280000 0.700000
vt 0.460000 0.720000
vt 0.500000 0.740000
vt 0.660000 0.700000
vt 0.840000 0.680000
vt 1.000000 0.700000
vt 0.000000 0.720000
vt 0.120000 0.740000
vt 0.180000 0.720000
vt 0.300000 0.720000
vt 0.380000 0.740000
vt 0.480000 0.740000
vt 0.580000 0.720000
vt 0.620000 0.740000
vt 0.720000 0.740000
vt 0.780000 0.720000
vt 0.060000 0.760000
vt 0.160000 0.740000
vt 0.220000 0.740000
vt 0.280000 0.760000
vt 0.280000 0.740000
vt 0.320000 0.740000
vt 0.440000 0.760000
vt 0.520000 0.760000
vt 0.660000 0.740000
vt 0.800000 0.740000
vt 0.920000 0.820000
vt 0.000000 0.760000
vt 0.040000 0.760000
vt 0.100000 0.760000
vt 0.140000 0.760000
vt 0.200000 0.780000
vt 0.240000 0.780000
vt 0.300000 0.780000
vt 0.360000 0.780000
vt 0.380000 0.780000
vt 0.500000 0.760000
vt 0.620000 0.780000
vt 0.700000 0.780000
vt 0.740000 0.780000
vt 0.960000 0.780000
vt 1.000000 0.780000
vt 0.000000 0.780000
vt 0.060000 0.800000
vt 0.080000 0.800000
vt 0.120000 0.780000
vt 0.160000 0.800000
vt 0.180000 0.800000
vt 0.320000 0.800000
vt 0.340000 0.800000
vt 0.460000 0.780000
vt 0.560000 0.800000
vt 0.660000 0.780000
vt 0.880000 0.820000
vt 0.000000 0.800000
vt 0.100000 0.800000
vt 0.200000 0.820000
vt 0.220000 0.820000
vt 0.260000 0.820000
vt 0.380000 0.800000
vt 0.400000 0.820000
vt 0.440000 0.800000
vt 0.520000 0.820000
vt 0.660000 0.820000
vt 0.000000 0.820000
vt 0.060000 0.820000
vt 0.160000 0.820000
vt 0.340000 0.840000
vt 0.360000 0.840000
vt 0.460000 0.840000
vt 0.560000 0.840000
vt 0.700000 0.840000
vt 0.000000 0.840000
vt 0.100000 0.860000
vt 0.140000 0.840000
vt 0.180000 0.840000
vt 0.220000 0.840000
vt 0.260000 0.840000
vt 0.320000 0.840000
vt 0.520000 0.840000
vt 0.740000 0.860000
vt 0.840000 0.860000
vt 0.960000 0.860000
vt 1.000000 0.860000
vt 0.000000 0.860000
vt 0.140000 0.860000
vt 0.160000 0.860000
vt 0.180000 0.860000
vt 0.320000 0.880000
vt 0.400000 0.880000
vt 0.460000 0.860000
vt 0.540000 0.860000
vt 0.660000 0.880000
vt 0.820000 0.880000
vt 0.000000 0.880000
vt 0.220000 0.900000
vt 0.240000 0.880000
vt 0.340000 0.880000
vt 0.500000 0.880000
vt 0.520000 0.880000
vt 0.560000 0.880000
vt 0.700000 0.880000
vt 0.740000 0.900000
vt 0.900000 0.900000
vt 0.960000 0.900000
vt 1.000000 0.900000
vt 0.020000 0.920000
vt 0.060000 0.920000
vt 0.100000 0.900000
vt 0.140000 0.900000
vt 0.180000 0.900000
vt 0.300000 0.920000
vt 0.360000 0.900000
vt 0.440000 0.900000
vt 0.480000 0.900000
vt 0.520000 0.900000
vt 0.660000 0.920000
vt 0.700000 0.920000
vt 0.800000 0.920000
vt 0.320000 0.980000
vt 0.340000 0.980000
vt 0.560000 0.920000
vt 0.880000 0.960000
vt 0.960000 0.940000
vt 1.000000 0.940000
vt 0.000000 0.940000
vt 0.080000 0.960000
vt 0.120000 0.960000
vt 0.160000 1.000000
vt 0.200000 0.980000
vt 0.240000 0.960000
vt 0.380000 0.960000
vt 0.460000 0.940000
vt 0.500000 0.940000
vt 0.540000 0.960000
vt 0.640000 0.960000
vt 0.720000 0.960000
vt 0.000000 0.960000
vt 0.600000 0.980000
vt 0.740000 0.940000
vt 0.840000 0.960000
vt 0.920000 0.960000
vt 1.000000 0.980000
vt 0.040000 1.000000
vt 0.060000 1.000000
vt 0.140000 1.000000
vt 0.220000 1.000000
vt 0.280000 0.980000
vt 0.360000 1.000000
vt 0.380000 1.000000
vt 0.440000 1.000000
vt 0.460000 1.000000
vt 0.480000 1.000000
vt 0.660000 1.000000
vt 0.680000 1.000000
vt 0.700000 1.000000
vt 0.720000 1.000000
vt 0.800000 1.000000
vt 0.000000 1.000000
vt 0.120000 1.000000
vt 0.180000 1.000000
vt 0.200000 1.000000
vt 0.240000 1.000000
vt 0.300000 1.000000
vt 0.320000 1.000000
vt 0.340000 1.000000
vt 0.500000 1.000000
vt 0.520000 1.000000
vt 0.540000 1.000000
vt 0.560000 1.000000
vt 0.580000 1.000000
vt 0.600000 1.000000
vt 0.640000 1.000000
vt 0.880000 1.000000
vt 0.960000 1.000000
vt 1.000000 1.000000
vn -0.120057 0.971147 0.206057
vn -0.169665 0.936634 0.306482
vn -0.171924 0.924505 0.340194
vn -0.229112 0.737050 0.635819
vn -0.124189 0.710323 0.692833
vn -0.037490 0.684698 0.727862
vn -0.055749 0.613699 0.787569
vn 0.003977 0.690899 0.722940
vn 0.084827 0.726581 0.681824
vn 0.084720 0.760368 0.643943
vn 0.125501 0.661833 0.739072
vn 0.135741 0.755791 0.640589
vn 0.239385 0.851156 0.467150
vn 0.132235 0.975959 0.173260
vn 0.112110 0.993349 -0.026264
vn 0.240349 0.970080 -0.034303
vn 0.062537 0.912786 -0.403623
vn 0.000000 0.915020 -0.403409
vn -0.077338 0.891151 -0.447068
vn -0.062149 0.914347 -0.400133
vn -0.280300 0.798299 0.533058
vn -0.223847 0.670047 0.707764
vn 0.231932 0.674251 0.701137
vn 0.399195 0.701852 0.589955
vn 0.369491 0.832682 0.412452
vn 0.244887 0.953847 -0.173797
vn 0.334489 0.933231 -0.131138
vn 0.232490 0.944146 -0.233531
vn 0.304150 0.930539 -0.203936
vn 0.313036 0.887975 -0.336912
vn 0.208676 0.913587 -0.349018
vn 0.294073 0.860171 -0.416685
vn 0.164810 0.911480 -0.376885
vn 0.136865 0.867427 -0.478371
vn -0.125277 0.919711 -0.372071
vn -0.149258 0.914428 -0.376223
vn -0.234313 0.924274 -0.301354
vn -0.203174 0.912823 -0.354225
vn -0.260347 0.914261 -0.310397
vn -0.353897 0.629712 0.691534
vn -0.414168 0.763765 0.495105
vn -0.279636 0.547409 0.788763
vn 0.073460 0.538142 0.839647
vn -0.402950 0.716914 0.568917
vn -0.443000 0.537677 0.717395
vn -0.127302 0.533628 0.836083
vn 0.303505 0.588735 0.749184
vn 0.522395 0.649059 0.553015
vn 0.508485 0.823329 0.252136
vn 0.388178 0.890702 -0.236578
vn -0.299862 0.914405 -0.271932
vn -0.464233 0.618920 0.633582
vn 0.549744 0.566060 0.614295
vn 0.449063 0.500462 0.740189
vn 0.645639 0.721089 0.251359
vn 0.521037 0.846280 0.111048
vn -0.216364 0.913477 -0.344597
vn -0.536420 0.552142 0.638273
vn 0.691375 0.577953 0.433557
vn -0.298483 0.931233 -0.209078
vn -0.348112 0.918594 -0.187093
vn -0.595414 0.516565 0.615339
vn -0.089898 0.533146 0.841233
vn 0.228951 0.529055 0.817118
vn 0.480830 0.876756 -0.010028
vn 0.503649 0.795831 -0.336140
vn 0.326125 0.806459 -0.493221
vn -0.107780 0.864346 -0.491212
vn -0.683045 0.527166 0.505515
vn -0.425788 0.531363 0.732365
vn 0.501480 0.528982 0.684613
vn 0.731035 0.512256 0.450757
vn 0.758765 0.572385 0.310889
vn 0.681917 0.719263 0.132855
vn 0.486485 0.865901 -0.116396
vn -0.310163 0.927077 -0.210540
vn -0.349162 0.928887 -0.123510
vn -0.696076 0.532842 0.481204
vn -0.271854 0.567001 0.777564
vn -0.001613 0.618367 0.785888
vn 0.293911 0.599335 0.744590
vn 0.795213 0.506589 0.333172
vn 0.652277 0.755690 0.058883
vn 0.588580 0.794045 -0.151874
vn 0.424583 0.860064 -0.282877
vn -0.173967 0.933095 -0.314753
vn -0.715679 0.523863 0.461921
vn -0.707470 0.531012 0.466382
vn -0.582413 0.582103 0.567408
vn 0.580046 0.582946 0.568965
vn 0.679666 0.530666 0.506407
vn 0.816375 0.557162 0.151996
vn 0.467851 0.883498 0.023373
vn -0.335921 0.939941 -0.060563
vn -0.341661 0.939820 0.002456
vn -0.311520 0.947428 -0.073042
vn -0.771903 0.520797 0.364605
vn -0.457766 0.740597 0.491900
vn -0.153664 0.799728 0.580365
vn 0.121992 0.767621 0.629187
vn 0.448082 0.718219 0.532339
vn 0.549011 0.830102 0.097561
vn 0.559227 0.817211 0.139395
vn 0.329506 0.937912 0.108386
vn -0.122312 0.985600 0.116754
vn -0.364925 0.930294 -0.037191
vn -0.795243 0.523039 0.306627
vn -0.800118 0.554517 0.228742
vn -0.665783 0.666435 0.335556
vn 0.682027 0.664587 0.305226
vn 0.795777 0.559473 0.231792
vn 0.826951 0.505553 0.246105
vn -0.354367 0.932043 0.075627
vn -0.829978 0.520897 0.199506
vn 0.216877 0.906753 0.361611
vn -0.342269 0.933194 0.109548
vn -0.289094 0.949901 0.118803
vn -0.372699 0.927472 0.029852
vn -0.840831 0.532818 0.095441
vn -0.792345 0.609398 -0.028700
vn -0.635307 0.771813 0.026275
vn -0.300489 0.928005 0.220255
vn 0.626393 0.763938 0.155018
vn 0.855186 0.516116 0.047754
vn 0.846686 0.531095 0.032562
vn 0.753824 0.654045 0.063038
vn 0.616845 0.782205 0.087514
vn 0.428722 0.889616 0.157418
vn 0.541168 0.820311 0.185006
vn -0.294748 0.951641 0.086617
vn -0.842076 0.539301 -0.007918
vn 0.268800 0.957072 -0.108445
vn 0.804671 0.593702 -0.004824
vn 0.565782 0.804011 0.182914
vn 0.350678 0.925945 0.140180
vn -0.040852 0.993603 0.105285
vn -0.357104 0.920089 0.160974
vn -0.370892 0.919703 0.128783
vn -0.809541 0.562502 -0.168031
vn -0.837999 0.536520 -0.099517
vn -0.222747 0.923847 -0.311274
vn 0.306465 0.826815 -0.471652
vn 0.584878 0.734650 -0.343814
vn 0.849690 0.518391 -0.096430
vn -0.328183 0.919842 0.214909
vn -0.825131 0.526032 -0.206033
vn -0.653619 0.638704 -0.406003
vn -0.482283 0.763792 -0.428982
vn 0.013830 0.753379 -0.657441
vn 0.753648 0.589235 -0.291234
vn 0.841534 0.536673 -0.061667
vn 0.793884 0.604008 0.070160
vn 0.634230 0.762024 0.130658
vn -0.442441 0.892088 0.091784
vn -0.283795 0.923805 0.256993
vn -0.710424 0.527521 -0.465854
vn -0.804225 0.520031 -0.287732
vn 0.517902 0.642862 -0.564364
vn 0.794971 0.560992 -0.230888
vn 0.493782 0.840680 0.222342
vn 0.612066 0.755514 0.233610
vn -0.212452 0.968501 0.129887
vn -0.372252 0.876688 0.304708
vn -0.727476 0.511876 -0.456904
vn -0.339132 0.653846 -0.676369
vn -0.001690 0.622782 -0.782394
vn 0.256002 0.602513 -0.755937
vn 0.668108 0.598671 -0.441843
vn 0.693467 0.679707 0.238960
vn 0.428378 0.867355 0.253354
vn -0.297518 0.913017 0.279074
vn -0.650736 0.582483 -0.487091
vn -0.671987 0.581849 -0.458132
vn -0.548051 0.548608 -0.631402
vn 0.440352 0.596556 -0.670978
vn 0.761415 0.630291 -0.151593
vn 0.737235 0.652027 0.177048
vn -0.556439 0.804709 0.206926
vn -0.684323 0.613207 -0.394561
vn -0.280143 0.555917 -0.782609
vn 0.007598 0.552192 -0.833682
vn 0.184377 0.616334 -0.765596
vn 0.486765 0.692308 -0.532701
vn 0.576064 0.639972 0.508514
vn 0.404930 0.816096 0.412334
vn 0.662832 0.662590 0.348752
vn 0.493937 0.862515 0.109974
vn 0.236476 0.958003 0.162201
vn -0.710036 0.702625 -0.046549
vn -0.472708 0.640223 -0.605525
vn 0.550041 0.803652 -0.227152
vn 0.508875 0.860085 0.036062
vn 0.686806 0.620879 0.377898
vn 0.419166 0.776534 0.470420
vn 0.703087 0.645210 0.298951
vn -0.556782 0.818260 0.142985
vn -0.246979 0.907560 0.339611
vn -0.595237 0.731221 0.333180
vn -0.214586 0.617807 -0.756484
vn 0.029282 0.584333 -0.810986
vn 0.199948 0.840836 -0.503007
vn 0.465011 0.740999 0.484444
vn 0.508599 0.575691 0.640239
vn 0.557357 0.613116 0.559859
vn 0.364580 0.757625 0.541374
vn 0.593461 0.616875 0.516981
vn -0.382322 0.620433 0.684758
vn -0.557612 0.605423 0.567919
vn -0.102529 0.828389 0.550690
vn -0.063569 0.973614 0.219170
vn 0.051320 0.737596 -0.673289
vn 0.176027 0.868148 0.464041
vn 0.369110 0.729809 0.575445
vn -0.053968 0.795299 0.603810
vn -0.499940 0.783816 0.368364
vn -0.526372 0.784359 0.328197
vn -0.197512 0.912724 0.357664
vn -0.553338 0.521851 0.649222
vn -0.382937 0.533694 0.754009
vn -0.056664 0.510869 0.857789
vn 0.229859 0.535007 0.812977
vn 0.195199 0.973705 0.117458
vn 0.164791 0.788065 -0.593125
vn -0.078850 0.892823 -0.443452
vn 0.142307 0.985522 -0.092171
vn 0.538408 0.576782 0.614361
vn 0.508885 0.684927 0.521451
vn 0.644562 0.596900 0.477755
vn 0.579845 0.542996 0.607400
vn -0.190935 0.873549 0.447722
vn -0.566982 0.547118 0.615786
vn 0.005878 0.536911 0.843618
vn 0.486079 0.496749 0.719004
vn 0.439409 0.824696 0.356085
vn 0.504450 0.859865 0.078504
vn 0.079294 0.851305 -0.518644
vn -0.181164 0.838850 0.513332
vn 0.288378 0.705440 0.647451
vn 0.265689 0.774446 0.574145
vn 0.326509 0.713663 0.619739
vn 0.452536 0.523476 0.721931
vn -0.314197 0.694959 0.646770
vn -0.654669 0.484435 0.580285
vn -0.556418 0.520095 0.647997
vn -0.303190 0.550556 0.777794
vn 0.224280 0.547783 0.805997
vn 0.729948 0.542705 0.415509
vn 0.554059 0.828682 0.079402
vn 0.104904 0.929920 -0.352483
vn -0.380713 0.906241 -0.183807
vn -0.368863 0.927403 -0.062158
vn -0.358338 0.850290 0.385489
vn 0.224165 0.836428 0.500138
vn 0.568941 0.708749 0.417110
vn 0.712132 0.598594 0.366815
vn 0.343632 0.658446 0.669601
vn 0.416201 0.524780 0.742552
vn 0.148596 0.557861 0.816523
vn -0.406584 0.723519 0.557862
vn -0.145307 0.886291 0.439744
vn -0.774011 0.501297 0.386792
vn 0.496877 0.507271 0.704123
vn 0.680818 0.732394 -0.009280
vn -0.666910 0.743996 0.041253
vn -0.084616 0.875476 0.475796
vn 0.723128 0.641473 0.256123
vn 0.106451 0.897535 0.427900
vn -0.807735 0.517425 0.282553
vn -0.763777 0.579727 0.283831
vn -0.540524 0.820963 0.183996
vn 0.018321 0.863374 0.504231
vn 0.594225 0.742164 0.309983
vn 0.790424 0.558110 0.252476
vn 0.837346 0.537641 0.098963
vn 0.297615 0.948793 -0.105912
vn -0.461107 0.812694 0.356244
vn 0.576325 0.805587 0.137402
vn 0.352127 0.862454 0.363566
vn 0.218432 0.583546 0.782152
vn -0.025736 0.587223 0.809016
vn -0.263721 0.627730 0.732397
vn -0.129730 0.794478 0.593275
vn -0.108948 0.836279 0.537372
vn -0.829460 0.534906 0.160845
vn -0.725312 0.687980 -0.024608
vn -0.355352 0.934643 -0.012979
vn 0.363167 0.921904 0.134915
vn -0.283821 0.949665 -0.132600
vn -0.632103 0.767642 -0.105697
vn -0.701190 0.705606 -0.102236
vn -0.424477 0.904817 0.033551
vn 0.032504 0.988203 -0.149663
vn 0.295566 0.948430 -0.114545
vn 0.744157 0.665055 -0.062706
vn 0.685819 0.720189 -0.104783
vn 0.492026 0.869577 -0.041797
vn 0.275146 0.716448 0.641091
vn -0.205292 0.693856 0.690231
vn -0.055141 0.811357 0.581945
vn -0.810367 0.583395 -0.054355
vn -0.594151 0.750172 -0.290218
vn 0.571774 0.814732 -0.096360
vn 0.830962 0.556312 0.004439
vn 0.730233 0.678153 -0.082875
vn 0.498583 0.863323 -0.078030
vn -0.445308 0.821179 -0.356884
vn 0.505118 0.759975 -0.409016
vn 0.099930 0.993418 0.055982
vn 0.085263 0.806175 0.585501
vn -0.083153 0.799103 0.595416
vn -0.753779 0.588101 -0.293181
vn -0.801283 0.550263 -0.234853
vn -0.237357 0.937553 -0.254276
vn 0.300801 0.874442 -0.380618
vn 0.847942 0.528789 -0.037090
vn -0.541878 0.771488 -0.333428
vn 0.150791 0.794148 -0.588720
vn 0.709569 0.650138 -0.271723
vn -0.119112 0.992863 0.005993
vn 0.010912 0.985809 0.167518
vn 0.215028 0.860436 0.461967
vn 0.006254 0.800219 0.599676
vn -0.765685 0.491725 -0.414647
vn 0.703417 0.541988 -0.459842
vn -0.281542 0.740561 -0.610167
vn -0.223875 0.722356 -0.654280
vn 0.436570 0.732573 -0.522249
vn 0.626915 0.732813 -0.264504
vn 0.486010 0.865929 -0.118154
vn -0.030741 0.999451 0.012342
vn 0.116059 0.929358 0.350462
vn -0.143309 0.818532 0.556298
vn -0.606003 0.483957 -0.631305
vn -0.747092 0.468350 -0.471701
vn -0.019336 0.560759 -0.827753
vn 0.325144 0.522457 -0.788238
vn 0.625087 0.475005 -0.619384
vn 0.717530 0.570395 -0.399750
vn 0.007357 0.747573 -0.664139
vn 0.006508 0.995881 0.090435
vn -0.721321 0.442554 -0.532768
vn -0.243196 0.544030 -0.803048
vn 0.484351 0.504386 -0.714842
vn 0.505896 0.720279 -0.474624
vn 0.689730 0.722953 -0.040137
vn 0.565752 0.819284 0.093265
vn -0.112064 0.963031 -0.244975
vn -0.128435 0.763963 -0.632348
vn 0.294521 0.817342 -0.495186
vn 0.503158 0.863861 -0.023999
vn -0.130817 0.991230 -0.018704
vn -0.139544 0.828669 0.542065
vn -0.622990 0.436293 -0.649255
vn 0.192967 0.547925 -0.813967
vn 0.479957 0.821061 -0.309030
vn -0.090132 0.864721 -0.494099
vn 0.238463 0.921151 -0.307597
vn 0.276383 0.904878 0.323741
vn 0.067267 0.944792 0.320691
vn -0.111986 0.990572 0.078914
vn -0.164217 0.952915 0.254922
vn -0.035487 0.568255 -0.822087
vn -0.529396 0.484797 -0.696213
vn 0.230169 0.959836 0.160430
vn 0.496481 0.708772 0.501148
vn 0.662054 0.650745 0.371775
vn 0.341523 0.938229 0.055580
vn 0.163979 0.920658 -0.354260
vn -0.138704 0.897451 -0.418739
vn 0.242497 0.787482 0.566628
vn -0.019702 0.990485 0.136200
vn -0.314349 0.829673 0.461331
vn -0.606647 0.473184 -0.638808
vn -0.134319 0.842784 -0.521224
vn -0.184074 0.960207 0.210044
vn 0.269142 0.796332 0.541681
vn 0.629069 0.670446 0.393414
vn 0.694727 0.712726 0.096830
vn 0.085455 0.915330 -0.393532
vn -0.244037 0.910374 -0.334163
vn -0.149197 0.864868 0.479316
vn 0.267527 0.771971 0.576620
vn -0.062137 0.933709 0.352600
vn -0.272110 0.894891 0.353731
vn -0.018038 0.811514 0.584054
vn 0.060135 0.818360 0.571552
vn -0.654379 0.485544 -0.579686
vn -0.548714 0.544447 -0.634422
vn -0.565800 0.733105 -0.377396
vn -0.521658 0.852454 0.034571
vn -0.309840 0.845203 0.435467
vn 0.059362 0.942556 0.328732
vn 0.717171 0.696450 -0.024968
vn 0.301245 0.942740 -0.143154
vn -0.123839 0.987548 -0.097021
vn 0.245116 0.720271 0.648944
vn 0.165320 0.867429 0.469294
vn -0.262539 0.824210 0.501748
vn -0.624480 0.532069 -0.571775
vn -0.693113 0.720492 -0.022039
vn 0.303632 0.952349 0.028950
vn 0.608697 0.780612 0.141893
vn 0.758282 0.644752 0.096456
vn -0.156475 0.987216 -0.030327
vn -0.488444 0.864378 0.119470
vn -0.477109 0.727213 0.493486
vn -0.127912 0.796040 0.591573
vn 0.322591 0.819146 0.474273
vn -0.384481 0.835838 0.391853
vn -0.388079 0.818881 0.422881
vn -0.746179 0.612965 -0.259791
vn -0.691175 0.580252 -0.430795
vn -0.449203 0.893429 -0.001156
vn 0.348653 0.933246 -0.086560
vn -0.225814 0.974134 0.008423
vn -0.491062 0.770692 0.406069
vn 0.350380 0.838064 0.418190
vn 0.049439 0.900164 0.432735
vn -0.757375 0.599627 -0.258516
vn -0.703516 0.623215 -0.341568
vn -0.642992 0.758006 -0.109490
vn 0.030170 0.951598 -0.305861
vn 0.493717 0.751598 -0.437430
vn 0.714652 0.636667 -0.289702
vn 0.758108 0.644599 -0.098812
vn -0.160577 0.883284 0.440483
vn -0.050528 0.870879 0.488893
vn 0.074613 0.858535 0.507297
vn -0.725694 0.602287 -0.332593
vn -0.483485 0.668736 -0.564832
vn -0.274742 0.752325 -0.598769
vn 0.205697 0.760057 -0.616443
vn 0.604306 0.679494 -0.416055
vn 0.150885 0.910537 -0.384911
vn -0.649423 0.755841 -0.083397
vn -0.579599 0.798877 0.160816
vn 0.267954 0.929610 0.253034
vn 0.362044 0.903976 0.227490
vn -0.442067 0.849452 0.288111
vn -0.409413 0.887152 0.212941
vn 0.302605 0.618135 -0.725492
vn 0.571860 0.625258 -0.531064
vn -0.365703 0.856805 -0.363520
vn -0.351030 0.925523 0.142076
vn 0.024089 0.998265 0.053735
vn 0.341995 0.939685 -0.005665
vn 0.031196 0.969124 0.244594
vn -0.271102 0.898011 0.346525
vn -0.043461 0.935297 0.351184
vn 0.087412 0.932117 0.351451
vn -0.505155 0.831209 -0.232185
vn -0.571206 0.751997 -0.328975
vn -0.668239 0.586984 -0.457063
vn -0.540838 0.592363 -0.597161
vn -0.339270 0.617371 -0.709752
vn 0.003346 0.635931 -0.771739
vn 0.515927 0.635665 -0.574238
vn -0.669283 0.712813 -0.209662
vn -0.468368 0.843458 -0.263079
vn -0.010373 0.918773 -0.394649
vn 0.221101 0.959222 -0.176087
vn 0.151555 0.982811 0.105420
vn -0.496782 0.848082 0.184294
vn 0.173430 0.836414 -0.519936
vn -0.264671 0.859015 -0.438226
vn -0.537628 0.736357 -0.410774
vn 0.209103 0.896806 -0.389892
vn -0.521123 0.852503 0.040875
vn -0.368291 0.915500 0.161931
vn -0.031480 0.982131 0.185546
vn 0.095356 0.976952 0.190974
vn -0.456724 0.807224 -0.373889
vn -0.429256 0.684755 -0.588939
vn -0.302091 0.598692 -0.741828
vn -0.108507 0.611215 -0.783992
vn 0.118370 0.599491 -0.791580
vn 0.366323 0.605334 -0.706667
vn -0.514906 0.703159 -0.490347
vn -0.203623 0.784789 -0.585358
vn 0.024083 0.775936 -0.630351
vn 0.230883 0.875638 -0.424206
vn -0.242205 0.950163 -0.196282
vn 0.327988 0.727602 -0.602510
vn 0.132064 0.784224 -0.606261
vn -0.485775 0.871553 0.066460
vn -0.179560 0.980209 0.083353
vn 0.009947 0.999901 0.009946
vn -0.149621 0.977357 -0.149621
vn -0.163412 0.972930 -0.163412
vn -0.379417 0.786121 -0.487910
vn -0.230083 0.669386 -0.706388
vn 0.234245 0.646698 -0.725886
vn -0.433195 0.809522 -0.396253
vn -0.476036 0.781179 -0.403918
vn -0.520891 0.671811 -0.526634
vn -0.350858 0.691042 -0.631949
vn -0.286263 0.695204 -0.659352
vn -0.078730 0.917783 -0.389198
vn -0.196751 0.922622 -0.331749
vn -0.380392 0.910094 -0.164413
vn -0.559243 0.828812 -0.017810
vn -0.548683 0.835731 0.022378
vn -0.025966 0.999652 0.004747
vn -0.049891 0.997508 -0.049891
vn -0.226015 0.779068 -0.584782
vn -0.014552 0.682025 -0.731184
vn 0.075516 0.653833 -0.752861
vn 0.232185 0.831210 -0.505154
vn 0.271164 0.821743 -0.501207
vn 0.030973 0.921617 -0.386862
vn -0.217530 0.913210 -0.344570
vn -0.174692 0.694453 -0.698010
vn -0.112282 0.701735 -0.703534
vn -0.051040 0.702084 -0.710263
vn 0.037726 0.721770 -0.691104
vn 0.016341 0.778755 -0.627115
vn 0.056803 0.817918 -0.572523
vn -0.024697 0.864213 -0.502520
vn -0.344150 0.937550 -0.050616
vn 0.074317 0.996685 0.033122
s 1
g pPlane1
usemtl initialShadingGroup
f 1/1/1 2/2/2 23/23/3
f 2/2/2 3/3/4 23/23/3
f 4/4/5 5/5/6 24/24/7
f 5/5/6 6/6/8 24/24/7
f 6/6/8 7/7/9 24/24/7
f 8/8/10 25/25/11 7/7/9
f 7/7/9 25/25/11 24/24/7
f 8/8/10 9/9/12 25/25/11
f 9/9/12 10/10/13 25/25/11
f 11/11/14 12/12/15 26/26/16
f 17/17/17 18/18/18 54/54/19
f 18/18/18 19/19/20 54/54/19
f 23/23/3 3/3/4 27/27/21
f 27/27/21 3/3/4 28/28/22
f 3/3/4 4/4/5 28/28/22
f 4/4/5 24/24/7 28/28/22
f 25/25/11 10/10/13 29/29/23
f 29/29/23 10/10/13 30/30/24
f 10/10/13 31/31/25 30/30/24
f 10/10/13 11/11/14 31/31/25
f 12/12/15 13/13/26 26/26/16
f 13/13/26 32/32/27 26/26/16
f 13/13/26 14/14/28 41/41/29
f 14/14/28 33/33/30 41/41/29
f 14/14/28 15/15/31 33/33/30
f 33/33/30 15/15/31 34/34/32
f 15/15/31 16/16/33 34/34/32
f 16/16/33 35/35/34 34/34/32
f 16/16/33 17/17/17 35/35/34
f 17/17/17 54/54/19 35/35/34
f 54/54/19 19/19/20 36/36/35
f 19/19/20 20/20/36 36/36/35
f 20/20/36 37/37/37 36/36/35
f 20/20/36 21/21/38 37/37/37
f 21/21/38 22/22/39 37/37/37
f 28/28/22 39/39/40 27/27/21
f 27/27/21 39/39/40 38/38/41
f 28/28/22 40/40/42 39/39/40
f 28/28/22 24/24/7 40/40/42
f 24/24/7 25/25/11 44/44/43
f 11/11/14 26/26/16 31/31/25
f 38/38/41 39/39/40 42/42/44
f 39/39/40 40/40/42 49/49/45
f 40/40/42 24/24/7 43/43/46
f 24/24/7 44/44/43 43/43/46
f 44/44/43 25/25/11 50/50/47
f 25/25/11 29/29/23 50/50/47
f 29/29/23 30/30/24 50/50/47
f 30/30/24 31/31/25 45/45/48
f 26/26/16 46/46/49 31/31/25
f 31/31/25 46/46/49 45/45/48
f 26/26/16 32/32/27 46/46/49
f 13/13/26 41/41/29 32/32/27
f 33/33/30 57/57/50 41/41/29
f 33/33/30 34/34/32 57/57/50
f 37/37/37 22/22/39 47/47/51
f 42/42/44 39/39/40 48/48/52
f 39/39/40 49/49/45 48/48/52
f 30/30/24 51/51/53 50/50/47
f 50/50/47 51/51/53 56/56/54
f 30/30/24 45/45/48 51/51/53
f 45/45/48 46/46/49 52/52/55
f 46/46/49 32/32/27 53/53/56
f 54/54/19 36/36/35 72/72/57
f 48/48/52 49/49/45 55/55/58
f 51/51/53 45/45/48 63/63/59
f 45/45/48 52/52/55 63/63/59
f 46/46/49 53/53/56 52/52/55
f 41/41/29 57/57/50 32/32/27
f 36/36/35 37/37/37 72/72/57
f 37/37/37 47/47/51 73/73/60
f 73/73/60 47/47/51 58/58/61
f 55/55/58 49/49/45 60/60/62
f 43/43/46 61/61/63 40/40/42
f 43/43/46 44/44/43 61/61/63
f 50/50/47 62/62/64 44/44/43
f 44/44/43 62/62/64 61/61/63
f 50/50/47 56/56/54 62/62/64
f 53/53/56 64/64/65 52/52/55
f 53/53/56 32/32/27 64/64/65
f 57/57/50 34/34/32 65/65/66
f 34/34/32 35/35/34 66/66/67
f 35/35/34 67/67/68 66/66/67
f 35/35/34 54/54/19 67/67/68
f 55/55/58 60/60/62 59/59/69
f 60/60/62 49/49/45 68/68/70
f 49/49/45 40/40/42 68/68/70
f 62/62/64 56/56/54 69/69/71
f 56/56/54 51/51/53 69/69/71
f 51/51/53 63/63/59 70/70/72
f 63/63/59 52/52/55 71/71/73
f 52/52/55 92/92/74 71/71/73
f 52/52/55 64/64/65 92/92/74
f 32/32/27 57/57/50 64/64/65
f 57/57/50 80/80/75 64/64/65
f 34/34/32 66/66/67 65/65/66
f 67/67/68 54/54/19 72/72/57
f 72/72/57 37/37/37 84/84/76
f 37/37/37 73/73/60 84/84/76
f 73/73/60 58/58/61 85/85/77
f 59/59/69 60/60/62 74/74/78
f 68/68/70 40/40/42 75/75/79
f 40/40/42 61/61/63 75/75/79
f 61/61/63 76/76/80 75/75/79
f 62/62/64 77/77/81 61/61/63
f 61/61/63 77/77/81 76/76/80
f 62/62/64 69/69/71 77/77/81
f 70/70/72 63/63/59 78/78/82
f 63/63/59 71/71/73 78/78/82
f 64/64/65 79/79/83 92/92/74
f 57/57/50 65/65/66 80/80/75
f 80/80/75 65/65/66 81/81/84
f 65/65/66 66/66/67 82/82/85
f 66/66/67 67/67/68 82/82/85
f 82/82/85 67/67/68 83/83/86
f 67/67/68 72/72/57 83/83/86
f 74/74/78 60/60/62 86/86/87
f 86/86/87 60/60/62 87/87/88
f 60/60/62 68/68/70 87/87/88
f 87/87/88 68/68/70 88/88/89
f 68/68/70 75/75/79 88/88/89
f 77/77/81 69/69/71 89/89/90
f 51/51/53 90/90/91 69/69/71
f 69/69/71 90/90/91 89/89/90
f 51/51/53 70/70/72 90/90/91
f 78/78/82 71/71/73 91/91/92
f 71/71/73 92/92/74 91/91/92
f 79/79/83 64/64/65 93/93/93
f 64/64/65 80/80/75 93/93/93
f 65/65/66 82/82/85 81/81/84
f 83/83/86 72/72/57 94/94/94
f 72/72/57 84/84/76 94/94/94
f 84/84/76 73/73/60 105/105/95
f 73/73/60 95/95/96 105/105/95
f 73/73/60 85/85/77 95/95/96
f 86/86/87 87/87/88 96/96/97
f 88/88/89 75/75/79 97/97/98
f 75/75/79 98/98/99 97/97/98
f 75/75/79 76/76/80 98/98/99
f 98/98/99 76/76/80 99/99/100
f 77/77/81 100/100/101 76/76/80
f 76/76/80 100/100/101 99/99/100
f 77/77/81 89/89/90 100/100/101
f 80/80/75 101/101/102 93/93/93
f 81/81/84 82/82/85 102/102/103
f 82/82/85 103/103/104 102/102/103
f 82/82/85 83/83/86 103/103/104
f 103/103/104 83/83/86 104/104/105
f 83/83/86 94/94/94 104/104/105
f 94/94/94 84/84/76 105/105/95
f 95/95/96 85/85/77 106/106/106
f 96/96/97 87/87/88 107/107/107
f 107/107/107 87/87/88 108/108/108
f 87/87/88 88/88/89 108/108/108
f 108/108/108 88/88/89 109/109/109
f 88/88/89 97/97/98 109/109/109
f 100/100/101 89/89/90 110/110/110
f 90/90/91 111/111/111 89/89/90
f 89/89/90 111/111/111 110/110/110
f 70/70/72 112/112/112 90/90/91
f 90/90/91 112/112/112 111/111/111
f 70/70/72 78/78/82 112/112/112
f 78/78/82 91/91/92 112/112/112
f 80/80/75 81/81/84 101/101/102
f 81/81/84 102/102/103 101/101/102
f 95/95/96 106/106/106 113/113/113
f 107/107/107 108/108/108 114/114/114
f 98/98/99 99/99/100 115/115/115
f 94/94/94 105/105/95 128/128/116
f 105/105/95 129/129/117 128/128/116
f 105/105/95 95/95/96 129/129/117
f 95/95/96 113/113/113 129/129/117
f 113/113/113 106/106/106 116/116/118
f 114/114/114 108/108/108 117/117/119
f 108/108/108 118/118/120 117/117/119
f 108/108/108 109/109/109 118/118/120
f 109/109/109 119/119/121 118/118/120
f 109/109/109 97/97/98 119/119/121
f 97/97/98 120/120/122 119/119/121
f 97/97/98 98/98/99 120/120/122
f 98/98/99 115/115/115 120/120/122
f 99/99/100 100/100/101 115/115/115
f 100/100/101 121/121/123 115/115/115
f 100/100/101 110/110/110 121/121/123
f 110/110/110 111/111/111 121/121/123
f 111/111/111 112/112/112 122/122/124
f 112/112/112 123/123/125 122/122/124
f 112/112/112 91/91/92 123/123/125
f 91/91/92 124/124/126 123/123/125
f 91/91/92 92/92/74 124/124/126
f 92/92/74 79/79/83 124/124/126
f 79/79/83 93/93/93 133/133/127
f 93/93/93 125/125/128 133/133/127
f 93/93/93 101/101/102 125/125/128
f 101/101/102 102/102/103 126/126/129
f 104/104/105 94/94/94 127/127/130
f 117/117/119 118/118/120 130/130/131
f 120/120/122 115/115/115 131/131/132
f 115/115/115 121/121/123 131/131/132
f 121/121/123 111/111/111 132/132/133
f 111/111/111 122/122/124 132/132/133
f 124/124/126 79/79/83 133/133/127
f 125/125/128 101/101/102 126/126/129
f 126/126/129 102/102/103 134/134/134
f 102/102/103 103/103/104 134/134/134
f 134/134/134 103/103/104 135/135/135
f 104/104/105 136/136/136 103/103/104
f 103/103/104 136/136/136 135/135/135
f 104/104/105 127/127/130 136/136/136
f 94/94/94 128/128/116 127/127/130
f 128/128/116 129/129/117 144/144/137
f 113/113/113 116/116/118 137/137/138
f 118/118/120 139/139/139 130/130/131
f 130/130/131 139/139/139 138/138/140
f 118/118/120 119/119/121 139/139/139
f 119/119/121 120/120/122 140/140/141
f 120/120/122 131/131/132 140/140/141
f 131/131/132 141/141/142 140/140/141
f 121/121/123 142/142/143 131/131/132
f 131/131/132 142/142/143 141/141/142
f 121/121/123 132/132/133 142/142/143
f 132/132/133 122/122/124 143/143/144
f 122/122/124 123/123/125 143/143/144
f 128/128/116 144/144/137 127/127/130
f 129/129/117 113/113/113 145/145/145
f 113/113/113 137/137/138 145/145/145
f 138/138/140 139/139/139 146/146/146
f 139/139/139 119/119/121 147/147/147
f 119/119/121 148/148/148 147/147/147
f 119/119/121 140/140/141 148/148/148
f 140/140/141 149/149/149 148/148/148
f 142/142/143 132/132/133 150/150/150
f 132/132/133 143/143/144 150/150/150
f 143/143/144 123/123/125 158/158/151
f 124/124/126 151/151/152 123/123/125
f 123/123/125 151/151/152 158/158/151
f 126/126/129 134/134/134 173/173/153
f 127/127/130 144/144/137 161/161/154
f 144/144/137 129/129/117 153/153/155
f 129/129/117 145/145/145 153/153/155
f 139/139/139 155/155/156 146/146/146
f 146/146/146 155/155/156 154/154/157
f 139/139/139 147/147/147 155/155/156
f 140/140/141 141/141/142 149/149/149
f 141/141/142 142/142/143 156/156/158
f 142/142/143 150/150/150 156/156/158
f 150/150/150 143/143/144 157/157/159
f 143/143/144 158/158/151 157/157/159
f 133/133/127 125/125/128 159/159/160
f 126/126/129 173/173/153 152/152/161
f 136/136/136 127/127/130 160/160/162
f 127/127/130 161/161/154 160/160/162
f 144/144/137 153/153/155 168/168/163
f 154/154/157 155/155/156 162/162/164
f 147/147/147 148/148/148 163/163/165
f 148/148/148 149/149/149 163/163/165
f 163/163/165 149/149/149 164/164/166
f 149/149/149 141/141/142 165/165/167
f 141/141/142 156/156/158 165/165/167
f 156/156/158 150/150/150 166/166/168
f 150/150/150 157/157/159 166/166/168
f 151/151/152 124/124/126 167/167/169
f 124/124/126 133/133/127 167/167/169
f 133/133/127 159/159/160 167/167/169
f 126/126/129 181/181/170 125/125/128
f 125/125/128 181/181/170 159/159/160
f 126/126/129 152/152/161 181/181/170
f 134/134/134 135/135/135 173/173/153
f 161/161/154 144/144/137 168/168/163
f 153/153/155 145/145/145 175/175/171
f 155/155/156 185/185/172 162/162/164
f 162/162/164 185/185/172 169/169/173
f 147/147/147 170/170/174 155/155/156
f 155/155/156 170/170/174 185/185/172
f 147/147/147 163/163/165 170/170/174
f 149/149/149 165/165/167 164/164/166
f 156/156/158 166/166/168 171/171/175
f 157/157/159 172/172/176 166/166/168
f 157/157/159 158/158/151 172/172/176
f 158/158/151 151/151/152 178/178/177
f 161/161/154 168/168/163 174/174/178
f 169/169/173 185/185/172 176/176/179
f 170/170/174 163/163/165 177/177/180
f 163/163/165 164/164/166 177/177/180
f 164/164/166 165/165/167 198/198/181
f 165/165/167 156/156/158 186/186/182
f 156/156/158 171/171/175 186/186/182
f 166/166/168 187/187/183 171/171/175
f 166/166/168 172/172/176 187/187/183
f 172/172/176 158/158/151 178/178/177
f 151/151/152 167/167/169 178/178/177
f 167/167/169 159/159/160 179/179/184
f 179/179/184 159/159/160 180/180/185
f 152/152/161 173/173/153 191/191/186
f 173/173/153 135/135/135 182/182/187
f 135/135/135 136/136/136 182/182/187
f 182/182/187 136/136/136 183/183/188
f 136/136/136 160/160/162 183/183/188
f 176/176/179 185/185/172 184/184/189
f 185/185/172 170/170/174 196/196/190
f 170/170/174 177/177/180 196/196/190
f 177/177/180 164/164/166 198/198/181
f 198/198/181 165/165/167 186/186/182
f 171/171/175 187/187/183 186/186/182
f 187/187/183 172/172/176 200/200/191
f 172/172/176 188/188/192 200/200/191
f 172/172/176 178/178/177 188/188/192
f 178/178/177 167/167/169 189/189/193
f 167/167/169 179/179/184 189/189/193
f 159/159/160 181/181/170 180/180/185
f 152/152/161 191/191/186 181/181/170
f 181/181/170 191/191/186 190/190/194
f 191/191/186 173/173/153 192/192/195
f 173/173/153 182/182/187 192/192/195
f 160/160/162 161/161/154 193/193/196
f 161/161/154 174/174/178 193/193/196
f 174/174/178 168/168/163 194/194/197
f 168/168/163 153/153/155 194/194/197
f 184/184/189 185/185/172 195/195/198
f 185/185/172 196/196/190 195/195/198
f 196/196/190 177/177/180 197/197/199
f 177/177/180 198/198/181 197/197/199
f 198/198/181 186/186/182 209/209/200
f 187/187/183 200/200/191 199/199/201
f 178/178/177 201/201/202 188/188/192
f 178/178/177 189/189/193 201/201/202
f 189/189/193 179/179/184 212/212/203
f 179/179/184 202/202/204 212/212/203
f 179/179/184 180/180/185 202/202/204
f 180/180/185 203/203/205 202/202/204
f 180/180/185 181/181/170 190/190/194
f 182/182/187 204/204/206 192/192/195
f 182/182/187 183/183/188 204/204/206
f 195/195/198 206/206/207 205/205/208
f 195/195/198 196/196/190 206/206/207
f 196/196/190 207/207/209 206/206/207
f 196/196/190 208/208/210 207/207/209
f 196/196/190 197/197/199 208/208/210
f 197/197/199 198/198/181 209/209/200
f 186/186/182 187/187/183 210/210/211
f 187/187/183 199/199/201 210/210/211
f 188/188/192 201/201/202 211/211/212
f 189/189/193 212/212/203 201/201/202
f 180/180/185 190/190/194 203/203/205
f 204/204/206 183/183/188 213/213/213
f 160/160/162 214/214/214 183/183/188
f 183/183/188 214/214/214 213/213/213
f 160/160/162 215/215/215 214/214/214
f 160/160/162 193/193/196 215/215/215
f 174/174/178 194/194/197 229/229/216
f 153/153/155 175/175/171 216/216/217
f 205/205/208 206/206/207 217/217/218
f 217/217/218 206/206/207 218/218/219
f 206/206/207 207/207/209 218/218/219
f 218/218/219 207/207/209 219/219/220
f 208/208/210 220/220/221 207/207/209
f 207/207/209 220/220/221 219/219/220
f 197/197/199 221/221/222 208/208/210
f 208/208/210 221/221/222 220/220/221
f 197/197/199 209/209/200 221/221/222
f 209/209/200 222/222/223 221/221/222
f 186/186/182 210/210/211 209/209/200
f 209/209/200 210/210/211 222/222/223
f 210/210/211 199/199/201 223/223/224
f 200/200/191 224/224/225 199/199/201
f 199/199/201 224/224/225 223/223/224
f 200/200/191 188/188/192 224/224/225
f 188/188/192 211/211/212 224/224/225
f 212/212/203 202/202/204 225/225/226
f 203/203/205 227/227/227 202/202/204
f 202/202/204 227/227/227 226/226/228
f 190/190/194 191/191/186 228/228/229
f 191/191/186 192/192/195 228/228/229
f 192/192/195 204/204/206 228/228/229
f 193/193/196 174/174/178 215/215/215
f 174/174/178 229/229/216 215/215/215
f 229/229/216 194/194/197 230/230/230
f 194/194/197 153/153/155 216/216/217
f 217/217/218 218/218/219 231/231/231
f 219/219/220 220/220/221 232/232/232
f 221/221/222 233/233/233 220/220/221
f 221/221/222 234/234/234 233/233/233
f 221/221/222 222/222/223 234/234/234
f 234/234/234 222/222/223 235/235/235
f 210/210/211 236/236/236 222/222/223
f 222/222/223 236/236/236 235/235/235
f 210/210/211 223/223/224 236/236/236
f 224/224/225 211/211/212 237/237/237
f 211/211/212 201/201/202 238/238/238
f 201/201/202 212/212/203 238/238/238
f 212/212/203 225/225/226 238/238/238
f 203/203/205 239/239/239 227/227/227
f 203/203/205 190/190/194 239/239/239
f 190/190/194 240/240/240 239/239/239
f 190/190/194 228/228/229 240/240/240
f 204/204/206 241/241/241 228/228/229
f 204/204/206 213/213/213 241/241/241
f 213/213/213 214/214/214 241/241/241
f 215/215/215 242/242/242 214/214/214
f 194/194/197 216/216/217 230/230/230
f 231/231/231 218/218/219 243/243/243
f 243/243/243 218/218/219 244/244/244
f 218/218/219 219/219/220 244/244/244
f 244/244/244 219/219/220 245/245/245
f 219/219/220 232/232/232 245/245/245
f 232/232/232 220/220/221 246/246/246
f 220/220/221 233/233/233 246/246/246
f 234/234/234 235/235/235 262/262/247
f 235/235/235 247/247/248 262/262/247
f 235/235/235 236/236/236 247/247/248
f 236/236/236 248/248/249 247/247/248
f 236/236/236 223/223/224 248/248/249
f 248/248/249 223/223/224 249/249/250
f 223/223/224 250/250/251 249/249/250
f 223/223/224 224/224/225 250/250/251
f 250/250/251 224/224/225 251/251/252
f 224/224/225 237/237/237 251/251/252
f 237/237/237 211/211/212 252/252/253
f 211/211/212 238/238/238 252/252/253
f 238/238/238 225/225/226 253/253/254
f 225/225/226 254/254/255 253/253/254
f 225/225/226 202/202/204 254/254/255
f 202/202/204 226/226/228 254/254/255
f 228/228/229 255/255/256 240/240/240
f 228/228/229 256/256/257 255/255/256
f 228/228/229 241/241/241 256/256/257
f 241/241/241 214/214/214 257/257/258
f 214/214/214 242/242/242 257/257/258
f 215/215/215 229/229/216 242/242/242
f 242/242/242 229/229/216 258/258/259
f 229/229/216 230/230/230 258/258/259
f 230/230/230 216/216/217 259/259/260
f 243/243/243 244/244/244 260/260/261
f 246/246/246 233/233/233 261/261/262
f 233/233/233 262/262/247 261/261/262
f 233/233/233 234/234/234 262/262/247
f 247/247/248 248/248/249 263/263/263
f 249/249/250 250/250/251 264/264/264
f 250/250/251 251/251/252 264/264/264
f 251/251/252 237/237/237 265/265/265
f 237/237/237 252/252/253 265/265/265
f 238/238/238 253/253/254 252/252/253
f 254/254/255 226/226/228 266/266/266
f 226/226/228 227/227/227 266/266/266
f 239/239/239 240/240/240 267/267/267
f 241/241/241 257/257/258 256/256/257
f 260/260/261 244/244/244 268/268/268
f 268/268/268 244/244/244 269/269/269
f 244/244/244 245/245/245 269/269/269
f 269/269/269 245/245/245 270/270/270
f 245/245/245 232/232/232 270/270/270
f 270/270/270 232/232/232 271/271/271
f 232/232/232 246/246/246 271/271/271
f 261/261/262 272/272/272 246/246/246
f 246/246/246 272/272/272 271/271/271
f 261/261/262 273/273/273 272/272/272
f 261/261/262 262/262/247 273/273/273
f 262/262/247 274/274/274 273/273/273
f 262/262/247 247/247/248 274/274/274
f 247/247/248 263/263/263 274/274/274
f 263/263/263 248/248/249 275/275/275
f 248/248/249 249/249/250 275/275/275
f 264/264/264 251/251/252 276/276/276
f 251/251/252 265/265/265 276/276/276
f 252/252/253 277/277/277 265/265/265
f 252/252/253 253/253/254 277/277/277
f 253/253/254 254/254/255 277/277/277
f 227/227/227 278/278/278 266/266/266
f 227/227/227 239/239/239 278/278/278
f 240/240/240 255/255/256 267/267/267
f 256/256/257 257/257/258 297/297/279
f 257/257/258 242/242/242 279/279/280
f 242/242/242 280/280/281 279/279/280
f 242/242/242 258/258/259 280/280/281
f 258/258/259 281/281/282 280/280/281
f 258/258/259 230/230/230 281/281/282
f 259/259/260 282/282/283 230/230/230
f 230/230/230 282/282/283 281/281/282
f 268/268/268 269/269/269 283/283/284
f 283/283/284 269/269/269 284/284/285
f 269/269/269 270/270/270 284/284/285
f 270/270/270 271/271/271 285/285/286
f 271/271/271 286/286/287 285/285/286
f 271/271/271 272/272/272 286/286/287
f 275/275/275 249/249/250 287/287/288
f 264/264/264 288/288/289 249/249/250
f 249/249/250 288/288/289 287/287/288
f 264/264/264 289/289/290 288/288/289
f 264/264/264 276/276/276 289/289/290
f 276/276/276 290/290/291 289/289/290
f 276/276/276 265/265/265 290/290/291
f 265/265/265 291/291/292 290/290/291
f 265/265/265 292/292/293 291/291/292
f 265/265/265 277/277/277 292/292/293
f 277/277/277 254/254/255 293/293/294
f 254/254/255 266/266/266 293/293/294
f 293/293/294 266/266/266 294/294/295
f 266/266/266 295/295/296 294/294/295
f 266/266/266 278/278/278 295/295/296
f 239/239/239 267/267/267 278/278/278
f 267/267/267 255/255/256 296/296/297
f 255/255/256 256/256/257 296/296/297
f 296/296/297 256/256/257 297/297/279
f 257/257/258 279/279/280 297/297/279
f 279/279/280 280/280/281 298/298/298
f 280/280/281 281/281/282 298/298/298
f 281/281/282 282/282/283 299/299/299
f 283/283/284 284/284/285 300/300/300
f 284/284/285 270/270/270 301/301/301
f 270/270/270 285/285/286 301/301/301
f 286/286/287 272/272/272 302/302/302
f 273/273/273 303/303/303 272/272/272
f 272/272/272 303/303/303 302/302/302
f 273/273/273 274/274/274 303/303/303
f 274/274/274 263/263/263 304/304/304
f 263/263/263 275/275/275 304/304/304
f 304/304/304 275/275/275 305/305/305
f 275/275/275 287/287/288 305/305/305
f 289/289/290 290/290/291 306/306/306
f 290/290/291 291/291/292 306/306/306
f 292/292/293 277/277/277 307/307/307
f 277/277/277 293/293/294 307/307/307
f 295/295/296 278/278/278 308/308/308
f 278/278/278 267/267/267 308/308/308
f 297/297/279 279/279/280 309/309/309
f 279/279/280 298/298/298 309/309/309
f 281/281/282 299/299/299 310/310/310
f 284/284/285 312/312/311 300/300/300
f 300/300/300 312/312/311 311/311/312
f 284/284/285 301/301/301 312/312/311
f 301/301/301 285/285/286 313/313/313
f 285/285/286 286/286/287 313/313/313
f 313/313/313 286/286/287 314/314/314
f 286/286/287 302/302/302 314/314/314
f 274/274/274 323/323/315 303/303/303
f 274/274/274 304/304/304 323/323/315
f 288/288/289 289/289/290 315/315/316
f 289/289/290 306/306/306 315/315/316
f 306/306/306 291/291/292 316/316/317
f 291/291/292 292/292/293 316/316/317
f 292/292/293 307/307/307 316/316/317
f 307/307/307 293/293/294 317/317/318
f 293/293/294 294/294/295 317/317/318
f 308/308/308 267/267/267 318/318/319
f 267/267/267 319/319/320 318/318/319
f 267/267/267 296/296/297 319/319/320
f 296/296/297 320/320/321 319/319/320
f 296/296/297 297/297/279 320/320/321
f 297/297/279 309/309/309 320/320/321
f 298/298/298 281/281/282 309/309/309
f 299/299/299 282/282/283 350/350/322
f 311/311/312 312/312/311 321/321/323
f 314/314/314 302/302/302 322/322/324
f 302/302/302 303/303/303 322/322/324
f 303/303/303 323/323/315 322/322/324
f 315/315/316 306/306/306 324/324/325
f 306/306/306 325/325/326 324/324/325
f 306/306/306 316/316/317 325/325/326
f 316/316/317 307/307/307 326/326/327
f 307/307/307 317/317/318 326/326/327
f 317/317/318 294/294/295 336/336/328
f 295/295/296 308/308/308 337/337/329
f 337/337/329 308/308/308 327/327/330
f 320/320/321 328/328/331 319/319/320
f 320/320/321 309/309/309 328/328/331
f 309/309/309 349/349/332 328/328/331
f 309/309/309 281/281/282 349/349/332
f 312/312/311 330/330/333 321/321/323
f 321/321/323 330/330/333 329/329/334
f 312/312/311 301/301/301 330/330/333
f 301/301/301 313/313/313 331/331/335
f 313/313/313 314/314/314 331/331/335
f 331/331/335 314/314/314 332/332/336
f 314/314/314 322/322/324 332/332/336
f 322/322/324 333/333/337 332/332/336
f 322/322/324 323/323/315 333/333/337
f 333/333/337 323/323/315 334/334/338
f 323/323/315 304/304/304 334/334/338
f 288/288/289 315/315/316 287/287/288
f 316/316/317 335/335/339 325/325/326
f 316/316/317 326/326/327 335/335/339
f 326/326/327 317/317/318 336/336/328
f 294/294/295 295/295/296 337/337/329
f 308/308/308 318/318/319 327/327/330
f 319/319/320 338/338/340 318/318/319
f 281/281/282 310/310/310 349/349/332
f 329/329/334 330/330/333 339/339/341
f 330/330/333 301/301/301 340/340/342
f 301/301/301 331/331/335 340/340/342
f 332/332/336 333/333/337 341/341/343
f 333/333/337 334/334/338 341/341/343
f 341/341/343 334/334/338 342/342/344
f 304/304/304 343/343/345 334/334/338
f 334/334/338 343/343/345 342/342/344
f 305/305/305 344/344/346 304/304/304
f 304/304/304 344/344/346 343/343/345
f 287/287/288 345/345/347 305/305/305
f 305/305/305 345/345/347 344/344/346
f 287/287/288 315/315/316 345/345/347
f 345/345/347 315/315/316 324/324/325
f 324/324/325 325/325/326 355/355/348
f 335/335/339 326/326/327 346/346/349
f 326/326/327 336/336/328 346/346/349
f 336/336/328 294/294/295 347/347/350
f 294/294/295 337/337/329 347/347/350
f 327/327/330 318/318/319 348/348/351
f 319/319/320 328/328/331 338/338/340
f 349/349/332 310/310/310 371/371/352
f 310/310/310 299/299/299 350/350/322
f 339/339/341 330/330/333 351/351/353
f 331/331/335 332/332/336 352/352/354
f 332/332/336 341/341/343 352/352/354
f 341/341/343 342/342/344 353/353/355
f 342/342/344 343/343/345 353/353/355
f 345/345/347 324/324/325 354/354/356
f 324/324/325 355/355/348 354/354/356
f 355/355/348 325/325/326 335/335/339
f 346/346/349 336/336/328 356/356/357
f 336/336/328 347/347/350 356/356/357
f 347/347/350 337/337/329 357/357/358
f 337/337/329 327/327/330 357/357/358
f 357/357/358 327/327/330 358/358/359
f 327/327/330 348/348/351 358/358/359
f 348/348/351 318/318/319 359/359/360
f 318/318/319 338/338/340 359/359/360
f 338/338/340 360/360/361 359/359/360
f 338/338/340 328/328/331 360/360/361
f 340/340/342 361/361/362 330/330/333
f 330/330/333 361/361/362 373/373/363
f 340/340/342 331/331/335 361/361/362
f 331/331/335 352/352/354 361/361/362
f 341/341/343 362/362/364 352/352/354
f 341/341/343 353/353/355 362/362/364
f 353/353/355 363/363/365 362/362/364
f 353/353/355 343/343/345 363/363/365
f 343/343/345 344/344/346 363/363/365
f 363/363/365 344/344/346 364/364/366
f 345/345/347 365/365/367 344/344/346
f 344/344/346 365/365/367 364/364/366
f 345/345/347 354/354/356 365/365/367
f 354/354/356 366/366/368 365/365/367
f 354/354/356 355/355/348 366/366/368
f 335/335/339 367/367/369 355/355/348
f 335/335/339 346/346/349 367/367/369
f 346/346/349 356/356/357 367/367/369
f 347/347/350 357/357/358 368/368/370
f 358/358/359 348/348/351 369/369/371
f 348/348/351 359/359/360 369/369/371
f 360/360/361 328/328/331 370/370/372
f 328/328/331 349/349/332 370/370/372
f 330/330/333 373/373/363 351/351/353
f 351/351/353 373/373/363 372/372/373
f 361/361/362 352/352/354 374/374/374
f 362/362/364 375/375/375 352/352/354
f 352/352/354 375/375/375 374/374/374
f 362/362/364 376/376/376 375/375/375
f 362/362/364 363/363/365 376/376/376
f 363/363/365 377/377/377 376/376/376
f 363/363/365 364/364/366 377/377/377
f 365/365/367 378/378/378 364/364/366
f 365/365/367 366/366/368 378/378/378
f 366/366/368 355/355/348 379/379/379
f 355/355/348 380/380/380 379/379/379
f 355/355/348 367/367/369 380/380/380
f 356/356/357 381/381/381 367/367/369
f 356/356/357 347/347/350 381/381/381
f 347/347/350 368/368/370 381/381/381
f 357/357/358 382/382/382 368/368/370
f 357/357/358 358/358/359 382/382/382
f 369/369/371 383/383/383 358/358/359
f 369/369/371 359/359/360 383/383/383
f 359/359/360 384/384/384 383/383/383
f 359/359/360 360/360/361 384/384/384
f 360/360/361 370/370/372 384/384/384
f 349/349/332 371/371/352 370/370/372
f 310/310/310 385/385/385 371/371/352
f 310/310/310 350/350/322 385/385/385
f 350/350/322 386/386/386 385/385/385
f 372/372/373 373/373/363 387/387/387
f 373/373/363 361/361/362 388/388/388
f 361/361/362 389/389/389 388/388/388
f 361/361/362 374/374/374 389/389/389
f 389/389/389 374/374/374 390/390/390
f 374/374/374 375/375/375 390/390/390
f 375/375/375 376/376/376 391/391/391
f 391/391/391 376/376/376 392/392/392
f 364/364/366 378/378/378 377/377/377
f 378/378/378 366/366/368 393/393/393
f 366/366/368 394/394/394 393/393/393
f 366/366/368 379/379/379 394/394/394
f 380/380/380 367/367/369 395/395/395
f 367/367/369 381/381/381 395/395/395
f 368/368/370 382/382/382 396/396/396
f 358/358/359 397/397/397 382/382/382
f 358/358/359 383/383/383 397/397/397
f 370/370/372 371/371/352 398/398/398
f 387/387/387 373/373/363 399/399/399
f 373/373/363 388/388/388 399/399/399
f 389/389/389 390/390/390 400/400/400
f 390/390/390 375/375/375 391/391/391
f 392/392/392 376/376/376 401/401/401
f 376/376/376 402/402/402 401/401/401
f 376/376/376 377/377/377 402/402/402
f 377/377/377 403/403/403 402/402/402
f 377/377/377 378/378/378 403/403/403
f 378/378/378 393/393/393 403/403/403
f 379/379/379 380/380/380 404/404/404
f 380/380/380 405/405/405 404/404/404
f 380/380/380 395/395/395 405/405/405
f 395/395/395 406/406/406 405/405/405
f 395/395/395 381/381/381 406/406/406
f 381/381/381 368/368/370 407/407/407
f 368/368/370 396/396/396 407/407/407
f 382/382/382 397/397/397 408/408/408
f 384/384/384 370/370/372 425/425/409
f 370/370/372 426/426/410 425/425/409
f 370/370/372 398/398/398 426/426/410
f 388/388/388 410/410/411 399/399/399
f 399/399/399 410/410/411 409/409/412
f 388/388/388 389/389/389 410/410/411
f 391/391/391 411/411/413 390/390/390
f 390/390/390 411/411/413 400/400/400
f 391/391/391 392/392/392 411/411/413
f 392/392/392 401/401/401 411/411/413
f 393/393/393 394/394/394 412/412/414
f 379/379/379 413/413/415 394/394/394
f 394/394/394 413/413/415 412/412/414
f 379/379/379 404/404/404 413/413/415
f 406/406/406 381/381/381 414/414/416
f 381/381/381 407/407/407 414/414/416
f 396/396/396 415/415/417 407/407/407
f 396/396/396 382/382/382 415/415/417
f 382/382/382 408/408/408 415/415/417
f 408/408/408 397/397/397 416/416/418
f 397/397/397 383/383/383 416/416/418
f 409/409/412 410/410/411 417/417/419
f 410/410/411 389/389/389 418/418/420
f 389/389/389 400/400/400 418/418/420
f 400/400/400 419/419/421 418/418/420
f 400/400/400 411/411/413 419/419/421
f 411/411/413 420/420/422 419/419/421
f 411/411/413 401/401/401 420/420/422
f 402/402/402 421/421/423 401/401/401
f 401/401/401 421/421/423 420/420/422
f 402/402/402 403/403/403 421/421/423
f 421/421/423 403/403/403 422/422/424
f 393/393/393 423/423/425 403/403/403
f 403/403/403 423/423/425 422/422/424
f 393/393/393 412/412/414 423/423/425
f 404/404/404 405/405/405 413/413/415
f 406/406/406 414/414/416 405/405/405
f 414/414/416 407/407/407 424/424/426
f 407/407/407 415/415/417 424/424/426
f 416/416/418 383/383/383 425/425/409
f 383/383/383 384/384/384 425/425/409
f 371/371/352 427/427/427 398/398/398
f 371/371/352 385/385/385 427/427/427
f 386/386/386 428/428/428 385/385/385
f 385/385/385 428/428/428 427/427/427
f 417/417/419 410/410/411 429/429/429
f 410/410/411 418/418/420 429/429/429
f 418/418/420 419/419/421 430/430/430
f 419/419/421 431/431/431 430/430/430
f 419/419/421 420/420/422 431/431/431
f 431/431/431 420/420/422 432/432/432
f 420/420/422 421/421/423 432/432/432
f 422/422/424 423/423/425 433/433/433
f 412/412/414 413/413/415 442/442/434
f 413/413/415 405/405/405 434/434/435
f 405/405/405 414/414/416 434/434/435
f 434/434/435 414/414/416 435/435/436
f 414/414/416 424/424/426 435/435/436
f 424/424/426 415/415/417 436/436/437
f 415/415/417 437/437/438 436/436/437
f 415/415/417 408/408/408 437/437/438
f 408/408/408 416/416/418 437/437/438
f 425/425/409 438/438/439 447/447/440
f 425/425/409 426/426/410 438/438/439
f 432/432/432 421/421/423 440/440/441
f 421/421/423 441/441/442 440/440/441
f 421/421/423 422/422/424 441/441/442
f 422/422/424 433/433/433 441/441/442
f 423/423/425 412/412/414 433/433/433
f 433/433/433 412/412/414 442/442/434
f 442/442/434 413/413/415 457/457/443
f 413/413/415 434/434/435 457/457/443
f 435/435/436 424/424/426 443/443/444
f 436/436/437 444/444/445 424/424/426
f 424/424/426 444/444/445 443/443/444
f 436/436/437 445/445/446 444/444/445
f 436/436/437 437/437/438 445/445/446
f 437/437/438 416/416/418 446/446/447
f 416/416/418 425/425/409 446/446/447
f 425/425/409 447/447/440 446/446/447
f 426/426/410 398/398/398 448/448/448
f 398/398/398 427/427/427 448/448/448
f 448/448/448 427/427/427 449/449/449
f 428/428/428 450/450/450 427/427/427
f 427/427/427 450/450/450 449/449/449
f 439/439/451 429/429/429 451/451/452
f 429/429/429 452/452/453 451/451/452
f 429/429/429 418/418/420 452/452/453
f 452/452/453 418/418/420 453/453/454
f 430/430/430 454/454/455 418/418/420
f 418/418/420 454/454/455 453/453/454
f 431/431/431 455/455/456 430/430/430
f 430/430/430 455/455/456 454/454/455
f 431/431/431 432/432/432 455/455/456
f 432/432/432 440/440/441 455/455/456
f 441/441/442 433/433/433 456/456/457
f 434/434/435 435/435/436 458/458/458
f 435/435/436 459/459/459 458/458/458
f 435/435/436 443/443/444 459/459/459
f 443/443/444 460/460/460 459/459/459
f 443/443/444 444/444/445 460/460/460
f 444/444/445 445/445/446 460/460/460
f 445/445/446 437/437/438 461/461/461
f 446/446/447 462/462/462 437/437/438
f 437/437/438 462/462/462 461/461/461
f 447/447/440 438/438/439 463/463/463
f 426/426/410 448/448/448 438/438/439
f 456/456/457 433/433/433 464/464/464
f 433/433/433 442/442/434 464/464/464
f 464/464/464 442/442/434 465/465/465
f 442/442/434 457/457/443 465/465/465
f 457/457/443 434/434/435 476/476/466
f 434/434/435 458/458/458 476/476/466
f 460/460/460 445/445/446 466/466/467
f 445/445/446 461/461/461 466/466/467
f 446/446/447 447/447/440 484/484/468
f 438/438/439 467/467/469 463/463/463
f 438/438/439 448/448/448 467/467/469
f 449/449/449 468/468/470 448/448/448
f 450/450/450 469/469/471 449/449/449
f 449/449/449 469/469/471 468/468/470
f 439/439/451 451/451/452 470/470/472
f 451/451/452 452/452/453 471/471/473
f 452/452/453 453/453/454 471/471/473
f 453/453/454 454/454/455 472/472/474
f 454/454/455 455/455/456 472/472/474
f 472/472/474 455/455/456 473/473/475
f 455/455/456 474/474/476 473/473/475
f 455/455/456 440/440/441 474/474/476
f 474/474/476 440/440/441 475/475/477
f 440/440/441 441/441/442 475/475/477
f 458/458/458 477/477/478 476/476/466
f 458/458/458 459/459/459 477/477/478
f 459/459/459 478/478/479 477/477/478
f 459/459/459 460/460/460 478/478/479
f 460/460/460 479/479/480 478/478/479
f 460/460/460 466/466/467 479/479/480
f 466/466/467 461/461/461 480/480/481
f 462/462/462 481/481/482 461/461/461
f 462/462/462 446/446/447 481/481/482
f 446/446/447 484/484/468 481/481/482
f 447/447/440 463/463/463 484/484/468
f 451/451/452 471/471/473 470/470/472
f 453/453/454 472/472/474 471/471/473
f 441/441/442 456/456/457 475/475/477
f 456/456/457 492/492/483 475/475/477
f 456/456/457 464/464/464 492/492/483
f 479/479/480 466/466/467 483/483/484
f 466/466/467 480/480/481 483/483/484
f 484/484/468 463/463/463 485/485/485
f 463/463/463 467/467/469 485/485/485
f 467/467/469 448/448/448 486/486/486
f 448/448/448 468/468/470 486/486/486
f 468/468/470 469/469/471 487/487/487
f 482/482/488 470/470/472 488/488/489
f 470/470/472 489/489/490 488/488/489
f 470/470/472 471/471/473 489/489/490
f 471/471/473 472/472/474 490/490/491
f 472/472/474 473/473/475 490/490/491
f 474/474/476 475/475/477 491/491/492
f 475/475/477 492/492/483 491/491/492
f 465/465/465 457/457/443 493/493/493
f 457/457/443 476/476/466 493/493/493
f 493/493/493 476/476/466 494/494/494
f 476/476/466 495/495/495 494/494/494
f 476/476/466 477/477/478 495/495/495
f 477/477/478 496/496/496 495/495/495
f 478/478/479 497/497/497 477/477/478
f 477/477/478 497/497/497 496/496/496
f 480/480/481 461/461/461 498/498/498
f 461/461/461 499/499/499 498/498/498
f 461/461/461 481/481/482 499/499/499
f 499/499/499 481/481/482 500/500/500
f 481/481/482 501/501/501 500/500/500
f 481/481/482 484/484/468 501/501/501
f 484/484/468 485/485/485 502/502/502
f 468/468/470 519/519/503 486/486/486
f 482/482/488 488/488/489 503/503/504
f 471/471/473 504/504/505 489/489/490
f 471/471/473 490/490/491 504/504/505
f 473/473/475 474/474/476 505/505/506
f 474/474/476 506/506/507 505/505/506
f 474/474/476 491/491/492 506/506/507
f 491/491/492 492/492/483 507/507/508
f 492/492/483 508/508/509 507/507/508
f 492/492/483 464/464/464 508/508/509
f 508/508/509 464/464/464 509/509/510
f 465/465/465 510/510/511 464/464/464
f 464/464/464 510/510/511 509/509/510
f 465/465/465 493/493/493 510/510/511
f 497/497/497 478/478/479 511/511/512
f 478/478/479 512/512/513 511/511/512
f 478/478/479 479/479/480 512/512/513
f 512/512/513 479/479/480 513/513/514
f 479/479/480 514/514/515 513/513/514
f 479/479/480 483/483/484 514/514/515
f 514/514/515 483/483/484 515/515/516
f 483/483/484 516/516/517 515/515/516
f 483/483/484 480/480/481 516/516/517
f 480/480/481 517/517/518 516/516/517
f 480/480/481 498/498/498 517/517/518
f 484/484/468 502/502/502 501/501/501
f 485/485/485 518/518/519 502/502/502
f 485/485/485 467/467/469 518/518/519
f 467/467/469 486/486/486 518/518/519
f 486/486/486 519/519/503 518/518/519
f 519/519/503 468/468/470 520/520/520
f 468/468/470 487/487/487 520/520/520
